5 100
0 16 53 85 15 19 41 29 98 78 20 11 70 83 36 22 96 56 9 89 39 13 14 90 63 90 89 6 89 5 96 38 88 19 60 61 86 23 26 7 38 67 9 29 31 46 19 23 50 96 0 92 28 0 72 99 85 32 35 92 61 4 29 86 19 68 33 9 83 58 87 18 85 40 26 34 25 94 56 3 71 11 80 97 72 58 67 20 23 35 52 15 39 4 9 45 84 16 35 28
25 0 7 47 71 8 42 11 79 54 33 8 22 17 73 14 81 41 36 47 72 75 84 46 11 57 4 33 13 41 0 54 49 62 26 5 36 14 14 51 2 81 66 1 31 7 76 65 94 29 55 31 57 50 82 36 90 90 5 63 38 68 20 59 98 66 12 90 95 8 58 50 89 4 27 54 30 81 73 58 35 42 12 92 94 67 0 86 14 88 15 22 13 49 41 20 16 72 12 16
77 46 0 81 17 33 2 38 19 63 9 4 15 55 38 85 87 8 18 76 22 64 27 9 57 91 71 26 62 29 40 7 93 26 43 30 73 9 83 48 10 34 99 99 89 87 83 7 13 56 86 14 32 99 45 92 12 25 98 37 74 65 57 83 42 83 57 82 25 86 91 33 38 39 20 69 38 69 48 35 7 7 94 35 39 68 35 39 34 61 85 80 57 49 29 92 6 50 98 94
1 29 41 0 11 32 1 70 14 38 42 52 91 41 33 27 9 19 44 49 34 18 49 72 71 2 46 41 62 58 84 92 10 71 57 68 82 77 35 33 18 90 50 75 3 12 31 67 35 43 41 89 83 64 95 14 98 57 33 95 97 33 9 3 38 97 12 10 59 30 71 10 61 15 82 81 19 86 3 97 61 70 62 22 67 46 10 43 91 65 3 59 48 70 14 39 72 58 68 80
34 29 77 30 0 88 21 6 23 32 43 92 58 70 64 31 60 39 70 16 67 30 24 27 93 15 24 62 89 49 72 16 61 61 15 83 73 42 48 78 13 9 74 22 53 61 9 84 85 65 80 29 37 45 51 46 46 79 63 57 78 52 64 90 54 25 16 8 24 34 0 14 80 10 94 62 27 61 41 99 45 40 59 23 23 95 46 79 98 66 81 85 28 57 26 21 49 75 37 94
2 12 28 39 81 0 64 42 63 9 50 23 26 84 53 96 92 86 0 63 86 96 54 90 31 86 16 78 63 71 80 56 30 20 82 96 4 65 82 16 52 91 53 78 51 31 67 11 7 81 60 4 93 79 20 59 99 74 94 81 83 18 81 88 68 84 42 5 20 75 56 77 10 34 31 5 12 30 33 19 91 93 86 0 20 99 97 41 25 58 43 80 66 50 47 19 38 43 56 35
68 70 54 73 9 3 0 77 14 3 72 87 81 78 30 54 29 53 82 23 12 97 89 55 55 12 7 95 38 19 71 12 74 59 12 67 63 37 1 98 6 80 87 43 69 91 26 72 39 1 66 16 13 9 39 51 85 9 21 83 79 73 53 91 34 95 15 16 25 14 86 32 94 29 51 8 56 10 35 59 34 26 46 76 23 26 75 26 74 48 88 86 71 17 84 86 75 76 84 80
91 79 9 55 54 64 37 0 86 45 25 63 38 85 73 94 27 4 14 67 6 41 87 95 12 54 0 20 26 93 51 12 16 82 77 55 48 76 63 56 98 22 25 52 24 27 55 40 40 16 77 3 70 8 36 30 68 67 96 74 4 61 55 3 62 32 20 97 16 28 45 84 63 92 21 78 72 15 78 26 50 68 93 61 58 69 82 15 66 58 52 42 35 65 24 36 63 72 15 83
53 12 21 22 38 27 18 85 0 26 67 74 18 76 49 39 64 60 45 90 74 0 65 43 50 21 86 55 85 99 25 40 99 38 71 97 45 22 13 63 72 53 92 29 30 89 91 20 8 16 42 83 53 95 69 92 94 87 35 25 73 11 73 4 12 32 67 56 97 3 72 10 23 13 61 75 71 45 75 9 90 60 25 12 93 15 95 30 47 14 2 18 81 69 3 35 38 77 18 48
79 89 58 30 44 4 90 21 85 0 0 94 40 61 23 96 45 98 65 0 62 66 2 95 87 67 7 53 59 61 17 77 10 74 68 40 52 41 58 64 0 43 42 3 79 50 70 1 47 66 40 92 75 72 24 6 10 78 69 77 62 48 24 13 58 89 54 78 24 2 4 83 39 79 26 84 7 93 24 4 66 33 72 37 21 88 84 68 94 40 78 81 41 53 40 16 23 47 76 69
62 59 84 47 40 10 41 1 87 79 0 88 44 94 72 9 79 10 9 46 39 47 11 60 23 99 69 12 46 3 3 12 70 2 2 59 38 81 38 41 13 31 31 23 82 94 28 79 34 45 66 95 11 41 98 13 88 37 29 4 92 54 37 75 43 42 76 52 39 37 61 92 52 9 29 42 11 26 59 16 10 17 42 57 93 98 82 62 6 27 3 3 76 90 43 54 94 12 15 53
51 36 26 86 20 22 77 28 58 24 1 0 54 73 55 26 84 98 68 83 89 97 62 54 27 67 81 30 28 35 77 67 13 66 15 92 57 15 95 28 28 98 78 44 15 1 45 19 29 0 59 34 43 77 2 36 40 30 12 81 82 39 66 44 82 14 99 39 42 58 62 98 3 12 7 78 49 94 49 59 18 75 11 22 21 49 56 5 43 34 28 0 81 13 8 14 34 27 42 68
39 24 65 92 92 77 74 18 62 17 23 33 0 47 78 22 47 21 61 70 40 95 91 13 9 36 23 22 87 69 42 4 18 25 92 99 48 43 15 9 13 39 62 83 36 11 57 12 89 36 18 74 89 0 75 18 86 96 5 30 10 23 51 61 87 30 79 71 6 59 24 46 99 70 42 23 87 70 19 92 28 53 95 97 31 28 8 49 34 9 57 64 83 23 80 8 49 81 43 40
55 95 67 57 2 94 40 74 99 84 46 52 38 0 94 63 52 23 33 29 42 22 22 85 40 42 88 85 46 82 45 42 81 53 63 26 43 41 7 70 33 60 89 36 42 48 65 53 59 94 95 33 6 70 15 60 4 62 52 48 52 10 58 51 72 56 77 13 65 75 77 28 83 16 26 80 48 0 69 93 76 97 39 27 35 43 43 56 97 68 12 53 4 62 47 73 32 71 9 43
80 59 60 37 71 39 72 75 72 9 88 11 27 17 0 84 83 62 58 14 67 3 43 21 3 69 64 96 13 34 83 44 48 79 61 33 29 79 56 39 27 13 1 82 84 77 30 5 83 71 98 53 30 34 5 49 89 14 24 97 39 37 1 2 30 12 54 21 48 87 78 35 32 0 54 83 18 59 34 73 33 37 68 60 78 49 91 79 59 62 84 18 25 43 43 98 13 21 38 8
1 20 54 7 57 47 38 85 26 34 22 27 17 52 77 0 58 7 67 20 72 56 79 82 77 31 61 46 40 45 94 60 57 31 34 40 44 75 37 71 29 96 74 18 78 98 68 50 81 16 48 8 40 36 52 26 77 14 26 52 21 38 38 90 19 91 53 26 89 90 67 80 48 6 82 94 78 30 5 15 25 31 20 89 45 22 39 94 85 31 97 78 84 37 94 76 40 57 98 51
39 21 47 89 64 1 82 94 6 93 97 49 31 63 69 90 0 76 23 1 8 9 70 13 46 85 86 93 55 29 68 39 33 10 68 84 86 37 89 28 28 69 94 82 67 74 2 67 56 24 54 41 58 45 21 15 62 81 12 65 62 1 54 2 89 28 40 96 82 88 94 30 19 33 7 90 25 68 24 10 61 75 8 86 59 39 81 84 77 53 77 78 39 55 37 91 27 80 23 85
68 16 17 2 68 96 63 19 58 96 29 87 77 20 93 35 49 0 69 38 19 90 15 77 63 65 7 96 23 46 69 11 3 6 46 72 57 95 28 61 65 57 29 0 72 87 29 9 71 39 20 61 87 1 63 48 20 38 94 58 19 25 18 35 83 84 96 15 16 66 92 41 87 75 69 2 31 77 97 30 11 65 61 25 95 41 5 21 14 98 45 32 7 49 10 42 8 17 28 43
26 66 94 83 81 18 87 69 5 48 5 89 0 89 94 87 50 48 0 43 80 4 21 40 66 53 45 33 18 97 5 79 68 43 49 13 65 34 47 28 71 0 16 89 64 28 55 48 99 59 87 71 47 96 11 61 27 80 38 20 51 36 12 65 70 99 87 26 80 62 31 75 96 81 82 7 59 94 80 4 11 78 20 55 81 38 74 50 47 7 73 42 89 88 14 32 95 79 95 2
67 18 46 21 38 88 97 15 40 17 10 40 79 26 23 17 15 91 69 0 0 59 94 54 67 91 8 54 35 94 31 32 17 35 12 4 48 19 17 78 94 33 46 90 79 95 26 7 69 11 56 46 49 93 38 1 22 73 87 74 59 77 41 71 12 97 42 10 25 56 96 14 82 47 40 99 82 40 47 58 54 22 85 62 7 0 52 7 70 89 45 83 98 38 40 1 81 76 33 63
29 64 80 61 10 93 1 90 6 93 54 52 32 83 44 51 32 35 39 86 0 50 4 39 1 17 16 2 2 79 55 67 14 26 15 31 99 32 18 60 37 29 83 62 77 60 54 53 57 50 5 10 37 65 9 29 85 50 24 19 72 63 7 65 10 82 1 6 25 73 25 16 15 74 74 27 79 91 68 43 89 8 27 0 89 65 44 10 66 90 74 37 24 52 14 72 62 88 53 3
66 91 79 75 52 74 62 2 67 84 65 39 90 91 76 81 99 80 48 70 96 0 83 80 86 94 40 71 15 98 24 0 64 9 36 38 45 36 99 41 10 37 27 39 8 42 52 16 6 25 50 59 60 31 34 59 56 84 16 83 74 79 28 58 89 79 28 29 96 2 84 14 12 34 59 87 82 43 27 72 0 40 2 59 85 6 54 90 86 62 28 81 4 56 62 73 76 11 70 76
69 13 28 33 51 97 42 38 95 92 22 35 1 46 23 32 12 86 55 74 7 90 0 13 73 9 42 14 19 77 2 94 54 68 35 14 59 98 98 94 12 72 88 26 2 95 20 88 31 1 35 44 72 48 98 62 67 4 19 64 56 96 48 44 99 39 17 49 16 28 87 75 97 74 8 85 5 11 37 81 2 91 70 7 9 17 67 9 55 46 32 38 24 57 43 98 18 54 36 61
12 25 50 58 31 93 63 22 93 65 65 1 97 20 78 39 1 59 58 91 15 4 75 0 90 47 93 43 81 67 24 43 81 84 15 39 51 28 48 67 46 94 49 24 80 74 39 98 65 50 38 85 50 30 47 13 19 0 93 67 94 56 2 79 20 9 65 41 34 65 55 76 2 97 78 82 71 62 79 92 62 0 86 90 44 14 1 38 75 46 45 96 6 57 80 25 17 43 30 20
77 76 21 38 62 4 13 60 33 37 91 29 76 39 51 57 25 47 51 69 21 88 29 86 0 75 25 81 65 68 56 33 94 76 26 1 75 83 53 92 82 72 90 36 27 81 93 65 81 18 82 41 96 27 46 50 82 81 66 89 81 86 63 88 34 37 1 56 14 25 87 67 99 43 4 61 39 85 78 48 46 53 92 59 82 28 86 53 0 58 3 29 36 90 47 17 91 20 64 41
74 53 53 50 63 8 41 31 50 40 22 15 98 50 49 52 65 6 71 68 85 44 79 72 4 0 57 75 19 57 47 47 37 15 20 53 9 41 16 22 45 55 20 1 0 84 68 57 74 72 95 58 23 97 16 11 68 88 63 47 50 31 98 15 42 6 96 20 75 69 6 25 75 59 29 68 42 29 2 84 24 84 57 19 16 32 49 94 27 67 13 40 9 77 47 71 32 59 15 92
15 83 82 18 67 43 39 59 31 52 42 32 17 78 73 45 30 26 17 35 48 19 52 19 97 74 0 15 72 97 69 16 7 28 45 99 78 92 40 73 21 43 74 57 85 16 27 15 74 12 24 64 81 8 19 9 73 3 37 89 8 17 47 14 89 57 28 19 27 54 31 75 97 75 41 94 19 62 55 7 98 12 79 8 50 43 69 0 70 32 68 65 33 1 13 66 33 96 83 43
84 78 88 43 84 90 94 58 70 57 41 55 95 41 29 65 27 82 40 13 90 61 24 34 63 15 82 0 91 82 95 95 7 34 31 21 45 93 2 65 9 63 51 2 19 23 28 90 30 65 17 98 59 83 23 5 98 71 70 24 74 25 56 59 24 24 18 31 60 58 46 83 16 31 36 86 31 57 96 35 91 16 70 25 88 96 48 51 86 5 72 14 33 15 24 13 85 1 49 17
60 30 38 57 84 91 54 87 58 28 73 24 92 59 51 36 63 81 88 10 54 62 38 33 51 10 6 38 0 17 56 90 88 42 92 46 35 53 90 70 16 43 2 79 11 37 21 80 65 94 87 61 50 96 4 41 34 33 74 2 1 55 93 95 42 89 56 73 25 79 5 64 10 61 25 99 6 89 83 88 27 47 33 31 90 30 4 60 78 1 60 89 88 42 91 82 99 99 42 76
38 36 41 26 15 85 84 92 18 75 2 97 69 51 10 39 98 43 57 6 91 39 97 74 62 2 75 79 15 0 96 87 88 78 56 33 4 43 36 97 51 30 98 1 30 72 24 41 82 47 75 46 85 55 61 64 92 71 46 60 25 73 33 44 25 3 25 57 45 66 18 31 59 53 71 97 60 87 79 74 35 12 60 44 48 31 59 67 20 57 91 64 73 38 63 19 77 30 7 33
52 10 44 65 64 37 95 79 42 61 33 25 4 94 45 81 22 25 87 99 85 56 30 51 54 20 9 67 93 47 0 30 78 26 10 39 74 96 77 92 41 83 65 72 37 75 46 27 53 60 66 60 22 2 28 43 77 15 44 20 35 12 81 40 74 35 31 10 15 86 75 75 76 61 62 4 60 58 9 22 74 22 83 42 92 62 89 34 37 0 48 90 96 75 2 54 13 41 20 90
53 47 56 79 17 78 40 94 95 60 99 2 21 52 72 54 90 75 94 7 94 15 88 89 52 29 2 26 83 4 60 0 75 90 49 10 33 50 42 69 33 57 97 10 38 81 81 3 53 26 7 82 67 20 35 1 7 31 66 29 77 11 29 26 83 65 36 85 65 64 6 93 17 23 85 23 44 41 34 99 34 56 60 64 39 89 99 93 18 64 44 99 94 6 70 25 38 7 86 64
96 61 73 13 31 26 86 49 95 44 87 12 89 70 84 4 70 55 33 5 16 60 58 36 25 44 59 26 7 13 68 57 0 28 97 85 28 77 68 77 68 82 93 14 12 66 75 25 85 93 36 45 64 21 64 56 67 59 37 75 0 80 86 40 19 6 57 36 29 96 94 85 89 80 54 74 84 80 79 9 23 42 20 70 46 33 94 64 41 61 35 91 4 96 24 56 95 52 21 20
13 30 35 7 50 8 30 39 53 94 48 88 70 43 81 70 18 63 33 53 67 13 83 68 70 92 75 64 33 66 29 7 36 0 94 13 13 51 41 7 62 60 0 23 41 54 50 76 35 50 90 66 54 6 20 94 23 1 62 85 70 2 73 16 52 93 69 58 32 55 80 12 37 9 22 95 54 73 2 32 76 20 27 21 96 26 63 16 64 51 23 92 72 47 91 76 89 25 82 67
80 17 69 95 76 32 70 84 21 81 70 45 48 57 77 69 17 89 8 49 2 98 10 89 75 42 73 74 14 99 23 95 56 84 0 83 65 58 88 56 22 0 96 10 70 15 49 98 27 79 50 97 52 30 15 47 94 86 84 29 87 80 30 75 16 68 51 53 68 17 51 0 99 17 16 18 85 36 50 38 34 17 34 69 35 41 87 50 57 8 54 5 12 18 84 55 62 62 79 34
64 73 87 75 34 63 0 12 46 8 94 90 49 16 53 83 7 74 72 32 76 48 34 14 54 41 0 81 88 36 4 77 92 51 23 0 12 17 44 43 83 40 34 43 34 96 58 80 62 70 12 81 62 63 86 65 9 32 51 38 3 31 55 52 15 99 76 7 24 53 15 99 96 36 21 71 76 82 97 11 11 8 19 20 34 3 26 48 58 69 83 94 28 11 36 18 52 95 62 7
96 20 5 50 88 99 45 85 12 54 63 32 94 32 13 79 13 54 70 8 20 84 36 58 34 23 61 36 59 76 69 99 76 14 94 36 0 22 97 2 62 63 32 50 75 9 34 78 80 73 90 17 85 10 3 77 88 98 19 72 23 47 34 26 1 3 61 8 44 97 58 66 79 35 0 49 8 60 11 99 23 78 68 3 57 50 93 80 25 80 72 42 34 90 35 98 83 35 57 60
67 99 47 3 67 37 62 1 46 8 47 17 47 11 74 6 51 70 2 19 72 48 66 0 44 72 80 12 0 56 18 19 69 93 78 32 62 0 82 23 0 51 56 65 67 11 89 69 42 41 36 49 5 68 97 1 86 1 33 11 98 44 57 40 23 38 2 46 96 56 19 13 29 40 7 40 65 32 11 62 36 50 92 7 54 40 75 82 16 52 57 65 65 13 90 78 85 61 60 60
93 81 62 3 98 86 60 72 0 59 97 30 79 53 56 38 42 2 68 83 58 89 64 63 57 5 86 12 1 71 79 85 37 6 75 41 86 61 0 12 27 29 21 31 57 74 62 78 71 71 42 27 14 26 50 0 81 33 50 26 40 78 33 94 64 42 42 93 46 85 34 64 75 44 50 48 91 83 47 83 3 88 59 64 50 49 56 66 34 27 50 68 72 60 3 24 52 54 66 87
5 54 62 6 62 82 90 19 28 93 73 94 0 35 22 43 53 0 39 77 74 90 24 24 19 92 90 26 23 33 31 45 84 42 20 38 81 9 75 0 77 8 18 84 12 29 36 49 23 59 18 40 73 5 90 27 41 88 98 27 47 16 25 17 61 43 95 23 54 87 61 72 98 50 20 66 29 32 43 69 52 72 10 90 37 68 36 2 19 22 83 43 75 90 14 90 68 30 61 46
45 11 24 66 78 58 36 32 6 49 16 0 2 41 88 95 50 32 25 85 72 66 26 69 70 99 54 7 81 56 11 1 81 73 88 54 0 38 90 23 0 64 79 34 35 62 67 43 9 76 31 40 24 5 88 26 93 42 80 58 0 83 55 73 77 8 12 2 85 85 33 49 29 36 6 11 5 14 75 76 94 0 7 17 53 64 9 76 12 55 33 27 95 66 29 44 82 80 32 31
20 73 80 52 47 89 38 53 99 44 66 78 43 55 59 22 17 25 66 38 92 75 81 93 98 55 26 4 21 65 83 45 8 12 18 76 58 19 46 25 62 0 25 86 17 46 86 31 78 8 31 12 80 8 64 83 42 95 41 82 88 10 22 26 76 7 74 88 14 56 86 12 30 89 46 17 9 41 7 8 63 31 41 8 7 70 88 69 64 19 3 13 48 37 40 92 48 73 68 81
48 51 51 66 2 18 36 21 33 70 79 84 80 7 41 71 1 56 34 58 60 95 72 55 78 71 60 69 29 32 27 3 80 0 49 92 53 22 66 54 46 20 0 2 35 44 33 43 87 94 40 27 93 78 8 29 59 82 80 95 59 38 80 8 2 91 21 11 89 84 10 54 77 83 32 60 30 45 7 81 20 13 10 18 3 41 37 17 38 8 76 83 67 48 21 74 79 12 48 65
45 82 0 44 27 71 88 30 77 44 8 22 70 85 2 48 15 27 82 16 5 8 31 14 94 35 63 39 34 12 12 42 64 31 14 14 93 23 71 52 90 67 38 0 41 23 12 93 38 19 90 41 16 47 31 28 5 5 28 30 66 12 62 36 99 13 57 25 37 72 13 15 39 19 27 69 62 21 72 1 81 65 85 51 52 62 12 99 65 24 92 55 34 54 41 69 82 83 61 24
44 12 74 35 22 11 3 48 51 97 20 43 62 3 7 86 0 60 96 4 52 12 27 78 21 97 80 29 61 70 62 48 32 3 47 8 45 64 42 82 77 7 17 2 0 83 85 66 7 31 98 75 89 90 87 30 22 62 69 55 66 15 56 26 87 3 97 99 15 49 8 71 14 39 3 75 11 40 81 90 61 38 67 60 79 66 45 82 39 61 73 9 19 41 82 34 29 27 34 19
90 21 52 5 89 65 96 93 16 23 97 29 9 0 55 79 95 85 62 29 21 17 69 76 80 21 74 56 94 28 22 89 88 91 23 28 97 75 27 71 23 47 68 31 37 0 70 22 30 3 35 46 94 52 51 94 46 18 68 91 7 38 74 29 8 12 71 89 50 34 73 49 77 38 65 14 90 74 88 52 34 93 8 52 31 76 27 58 52 42 97 60 91 2 48 99 79 64 52 48
23 26 74 96 87 40 77 20 77 19 76 65 99 26 95 75 30 16 21 87 24 17 65 42 27 85 11 13 52 61 66 26 95 93 33 81 46 7 61 35 15 97 83 52 83 34 0 83 67 59 79 19 28 5 45 4 37 82 38 75 25 28 62 34 5 14 93 9 70 46 84 4 99 20 51 62 29 29 77 13 10 61 6 40 94 26 22 82 14 51 50 61 8 15 94 36 63 90 4 71
49 74 73 7 52 88 45 80 22 57 68 15 33 12 25 3 89 48 61 49 56 49 95 90 5 74 23 15 55 42 32 29 68 50 97 30 38 39 68 25 84 85 59 38 3 70 77 0 48 90 30 41 43 7 10 58 42 12 50 35 14 30 51 9 7 4 4 4 36 90 20 97 63 44 34 14 18 96 69 88 77 36 28 70 57 44 76 39 83 95 45 89 28 60 80 13 90 48 68 23
62 2 35 65 23 34 1 65 96 69 50 67 65 44 21 76 14 50 29 90 12 53 70 34 42 96 37 7 51 65 46 55 35 52 80 94 9 69 56 1 80 10 84 69 34 39 96 16 0 14 87 37 39 71 55 73 69 64 78 94 75 59 34 52 83 4 55 43 63 40 80 45 76 19 38 94 95 81 2 57 29 70 36 72 3 25 65 30 71 81 82 29 77 46 80 55 96 61 65 21
57 77 13 67 90 32 31 42 38 30 45 37 92 85 16 83 63 90 75 72 35 52 27 22 92 5 13 11 49 49 95 84 9 96 4 5 11 39 24 66 49 32 49 11 50 90 88 47 99 0 55 61 86 56 34 27 86 56 85 9 29 8 98 52 66 40 22 29 46 57 38 42 85 50 57 4 57 4 98 23 53 63 15 71 74 21 46 44 62 42 34 94 26 0 54 73 25 42 99 37
65 34 70 68 20 93 21 3 48 52 0 16 79 82 84 71 17 21 18 63 12 37 62 79 42 12 49 33 68 70 93 48 98 82 60 70 50 16 99 71 61 3 72 20 41 56 67 70 49 18 0 27 57 36 99 73 57 66 36 81 18 91 49 81 95 47 66 16 51 61 33 77 91 76 67 63 63 8 43 72 33 42 59 30 81 30 42 98 97 44 3 76 31 86 99 5 12 15 93 54
83 34 60 18 16 75 62 49 75 89 56 36 33 19 66 48 34 85 80 34 66 32 78 7 41 26 52 75 12 14 44 80 9 29 65 7 24 4 51 81 70 20 10 3 41 56 58 59 2 7 97 0 87 74 78 87 14 1 70 23 19 44 33 85 76 96 99 15 38 29 24 9 31 8 56 87 63 82 17 54 53 96 52 39 21 17 43 71 52 22 2 22 41 32 29 59 0 35 18 86
63 41 37 26 37 96 12 46 83 98 14 98 67 29 18 43 44 64 89 50 83 93 59 10 81 2 29 58 7 78 67 38 18 64 9 88 36 98 11 19 87 23 54 86 96 29 32 38 81 59 29 40 0 63 85 53 80 80 94 60 33 83 83 62 34 74 14 66 21 81 16 48 42 80 66 22 98 18 66 84 35 81 31 39 4 12 84 75 40 25 18 23 96 33 10 53 43 18 74 24
44 99 80 0 24 80 47 6 77 24 97 94 47 3 27 15 54 33 59 18 50 97 48 6 96 39 36 21 74 34 86 51 90 81 81 16 62 29 70 45 22 13 45 16 75 11 22 30 93 93 30 73 22 0 83 17 22 74 24 70 4 96 46 84 0 43 59 4 60 92 72 3 22 5 82 64 91 1 48 27 81 75 44 32 51 8 87 0 64 30 67 47 21 0 86 93 69 99 32 11
39 92 4 27 29 97 56 47 90 56 46 3 50 52 24 53 92 47 82 5 84 21 24 25 52 7 87 89 71 21 44 64 19 26 85 27 57 2 66 47 57 46 25 76 94 30 55 74 50 94 75 56 41 57 0 54 9 67 45 59 14 26 41 9 2 18 53 60 51 54 14 51 36 3 86 86 72 83 40 71 33 69 76 41 47 90 27 69 54 39 37 58 60 72 92 12 92 5 90 19
74 61 40 70 42 49 33 37 74 92 39 73 15 69 75 30 52 1 64 26 41 43 58 19 46 87 39 55 51 13 51 13 10 12 6 81 64 8 51 30 91 53 14 82 74 34 57 83 65 50 67 53 61 95 90 0 54 49 88 57 8 4 79 54 91 27 65 91 56 98 39 44 63 72 61 31 96 6 62 19 89 21 0 38 59 37 75 81 58 13 76 34 94 28 42 42 41 2 71 11
34 37 69 44 94 93 53 78 16 83 46 80 32 13 88 82 0 77 29 81 71 74 63 36 50 86 11 35 15 2 15 48 96 18 72 88 96 23 47 18 97 3 20 86 81 38 54 0 91 29 17 37 63 85 80 43 0 43 8 60 7 62 19 41 61 93 20 38 60 45 21 92 86 65 66 89 47 96 54 45 27 96 35 41 41 73 12 62 5 5 22 8 53 36 18 46 82 13 48 22
35 40 54 56 83 12 66 35 49 92 70 38 60 21 69 87 76 28 30 97 3 32 69 14 69 33 38 95 61 56 45 67 16 31 67 65 0 49 60 2 92 22 50 27 52 18 45 75 87 51 89 64 4 52 12 62 49 0 36 73 33 29 12 11 14 98 56 97 77 98 61 78 55 62 23 2 9 46 20 73 44 90 16 30 59 67 42 27 67 88 15 36 61 3 49 77 12 38 52 48
12 12 67 99 38 51 57 93 46 23 40 12 55 32 7 6 59 75 97 91 41 49 65 12 69 29 32 1 54 44 61 2 81 52 8 83 77 82 58 81 26 42 13 63 99 56 1 39 64 84 96 67 44 49 60 33 9 77 0 70 12 12 27 68 42 32 24 5 55 62 79 14 42 23 2 79 81 82 77 27 29 80 44 81 89 65 59 67 62 33 6 75 23 20 21 34 15 69 48 60
94 18 20 41 90 83 94 14 24 81 6 92 86 63 88 77 19 74 58 37 1 67 35 31 77 33 40 29 42 54 44 69 38 34 35 63 52 52 6 80 87 53 11 93 11 33 79 64 27 79 73 2 80 46 85 5 74 27 49 0 2 66 31 45 51 92 77 93 54 49 49 36 82 23 26 84 13 39 58 68 29 33 42 91 56 93 13 93 31 79 7 31 17 69 15 78 13 59 99 60
50 10 27 91 67 37 72 99 28 10 78 45 32 41 16 39 2 2 34 60 33 60 47 88 94 51 34 58 8 72 84 52 72 55 24 17 1 31 91 17 34 30 46 14 11 26 9 97 46 81 79 78 87 59 23 25 15 64 16 10 0 67 56 71 54 57 66 73 43 71 3 57 41 97 96 89 18 62 28 30 6 85 18 25 3 43 42 1 53 80 74 93 83 7 1 3 30 6 4 54
18 2 11 59 97 80 67 64 70 53 65 59 53 96 70 89 38 79 48 81 28 28 30 6 44 35 90 82 87 9 83 91 88 25 24 41 61 17 95 16 15 50 69 94 5 25 97 41 23 83 60 83 40 78 18 78 78 57 8 86 84 0 16 3 35 18 13 63 16 42 37 17 56 45 73 88 80 20 48 18 95 23 74 2 53 72 81 40 68 8 64 35 8 85 72 82 23 10 4 88
68 3 76 7 75 85 25 68 85 24 1 32 0 52 96 84 79 2 22 78 57 3 7 75 23 77 81 42 71 98 94 35 88 73 38 41 7 34 71 51 60 16 26 0 50 54 86 17 31 75 80 78 71 98 46 55 31 59 74 93 32 43 0 3 99 9 16 11 96 23 11 87 44 40 65 67 4 24 93 0 94 87 12 60 89 7 70 64 14 23 76 48 40 47 51 89 13 37 80 87
40 97 81 22 51 47 96 62 16 33 79 24 64 84 57 39 97 87 27 45 0 17 68 45 34 81 46 97 32 49 8 14 4 92 98 89 3 9 52 71 61 4 84 90 58 71 63 1 97 69 92 84 81 24 16 63 81 5 62 93 94 92 79 0 85 0 89 38 40 38 97 53 12 3 53 50 83 53 24 78 54 47 47 9 82 52 58 6 35 96 95 17 89 56 85 32 57 23 28 63
28 38 2 55 12 46 53 1 23 53 43 48 94 66 47 64 29 96 92 10 39 53 18 57 29 77 63 21 75 72 1 21 52 60 18 24 30 35 19 84 89 13 53 64 18 38 35 94 26 17 40 2 50 33 41 7 79 10 41 60 18 22 38 78 0 22 43 58 1 33 18 69 95 71 62 82 71 65 20 99 27 12 92 39 9 70 58 64 77 95 67 99 71 50 2 20 27 5 36 29
33 69 82 44 93 99 97 35 88 70 10 4 83 93 59 59 51 58 63 27 86 1 59 65 5 33 15 12 85 39 63 86 94 19 28 68 57 16 97 82 28 55 22 92 16 98 90 67 62 29 36 6 89 41 80 62 23 5 94 43 44 82 48 66 15 0 65 96 44 39 73 26 42 77 40 29 87 54 37 46 69 35 82 75 57 77 93 76 85 20 38 55 7 65 30 88 79 91 99 58
46 43 75 46 57 21 29 19 62 39 52 3 24 13 19 90 5 4 97 29 83 44 81 41 45 83 34 0 84 23 94 70 25 76 10 78 77 4 39 20 62 82 52 40 32 47 17 91 76 68 28 50 95 55 30 36 4 86 84 90 42 1 57 49 87 77 0 1 40 98 70 54 47 16 27 65 32 33 56 20 6 25 44 30 25 44 5 9 41 29 75 21 79 29 35 17 89 15 6 41
82 2 10 39 28 23 5 45 67 26 62 55 16 35 43 19 85 96 54 37 69 77 21 35 54 44 8 84 31 64 27 9 9 22 53 36 63 30 90 54 88 6 93 47 76 72 1 82 33 0 40 81 87 72 92 9 68 37 46 29 47 90 20 39 30 82 37 0 27 13 54 19 86 64 56 23 96 63 63 29 69 36 58 95 21 62 7 99 0 23 96 29 35 92 18 74 81 25 74 0
8 62 70 9 59 65 6 50 31 70 75 75 19 36 14 70 67 31 61 29 92 2 35 82 1 11 52 0 8 51 25 61 69 96 87 66 87 48 4 61 0 83 73 6 30 63 36 12 63 83 15 94 88 57 62 52 32 46 58 87 67 35 73 1 36 74 64 11 0 48 24 68 55 68 0 7 91 55 46 69 54 95 44 8 68 65 64 5 98 86 65 11 75 29 84 42 85 0 46 75
85 71 8 5 47 98 86 93 84 99 5 12 20 85 12 48 82 54 58 78 82 44 86 39 96 56 56 65 48 59 41 90 60 13 19 95 7 34 11 79 30 28 24 25 8 99 55 44 73 88 99 92 66 53 31 58 78 88 23 25 69 18 51 49 12 55 89 55 58 0 92 80 23 55 23 51 57 51 99 62 42 17 24 17 71 26 15 29 4 38 47 66 49 22 12 89 10 69 40 10
6 46 29 72 13 24 28 88 93 85 88 56 95 80 9 30 73 92 56 36 66 51 59 5 35 6 94 89 9 67 18 19 99 63 39 77 90 80 65 59 21 24 79 92 15 89 26 74 53 69 25 84 7 87 85 18 74 79 20 67 7 46 71 93 76 51 96 37 28 65 0 16 14 11 22 50 74 51 49 93 17 94 77 46 74 15 18 37 75 6 53 37 92 65 5 28 77 20 55 0
97 80 97 8 90 63 52 30 40 80 17 58 34 19 77 63 54 35 86 85 57 75 0 58 93 8 99 26 27 90 27 39 56 42 36 87 18 33 49 17 65 75 53 92 84 87 86 87 64 86 8 1 67 39 17 93 28 51 12 16 74 81 17 89 19 41 24 23 37 60 38 0 80 29 26 21 59 4 33 10 67 7 96 37 92 65 82 30 27 58 33 18 31 72 82 3 9 72 26 71
47 89 17 57 16 25 99 96 92 2 72 26 49 81 93 87 67 1 58 13 87 11 61 47 60 34 14 36 49 16 83 41 0 23 34 75 28 61 33 97 27 34 32 63 98 49 78 93 35 21 33 9 0 66 53 66 36 39 88 92 70 37 35 36 48 51 4 18 93 33 15 27 0 0 91 72 3 73 34 22 84 84 19 53 17 71 62 98 0 41 69 21 69 47 91 32 29 40 2 31
36 58 82 34 76 14 29 13 8 97 77 96 81 45 85 66 64 25 4 66 39 86 14 72 62 33 72 48 64 92 45 61 24 41 39 79 17 22 45 40 75 63 34 87 45 13 25 3 23 43 57 65 10 40 39 80 44 90 82 67 89 39 40 9 25 72 46 48 9 21 94 25 72 0 28 93 29 83 23 35 43 21 78 65 13 81 87 0 24 10 73 99 85 20 71 94 92 33 81 96
3 92 43 56 37 24 85 87 85 87 87 70 59 43 20 55 84 8 64 84 33 71 50 76 83 50 1 72 95 5 21 70 15 78 15 36 77 61 58 24 37 76 81 62 32 2 52 17 16 63 76 46 35 19 4 6 98 84 76 0 16 29 65 99 68 54 70 39 46 36 80 65 71 2 0 37 17 68 24 23 59 83 76 59 99 27 5 55 88 14 27 91 77 74 93 6 62 14 59 92
87 30 39 4 50 29 74 27 71 12 98 32 59 87 16 17 63 89 21 33 19 96 5 29 3 1 77 17 97 79 30 22 61 53 56 69 15 69 50 65 7 65 51 59 90 16 95 91 99 63 91 76 30 57 20 17 85 31 78 52 67 86 33 10 97 70 94 61 71 33 50 65 18 32 25 0 46 35 25 61 98 80 60 38 62 83 36 20 79 41 21 52 14 73 28 85 60 32 36 76
34 81 35 0 62 55 23 15 74 17 1 47 98 57 14 19 33 51 44 88 2 61 2 80 86 85 76 33 6 20 23 24 9 41 28 6 58 55 44 26 39 62 14 10 25 14 83 75 73 35 11 61 42 65 71 12 69 76 25 68 35 54 41 73 7 40 54 19 41 0 21 32 21 56 90 36 0 85 24 38 85 0 94 14 82 4 74 87 50 1 21 70 46 11 77 38 84 71 19 61
2 83 59 24 40 14 62 91 2 19 13 86 58 99 78 8 7 53 89 21 17 32 45 92 0 40 49 96 27 89 64 82 4 34 31 12 84 68 56 32 30 91 33 51 15 4 79 9 75 28 88 11 49 15 35 68 89 85 98 4 0 71 2 29 53 77 19 56 9 86 81 34 0 80 58 47 75 0 50 3 13 14 52 24 64 87 50 61 77 26 11 19 51 14 38 68 61 40 14 91
5 44 57 49 10 46 31 17 55 75 14 42 50 67 91 84 45 37 70 11 19 51 68 49 62 92 54 0 10 3 6 76 86 48 53 67 19 33 63 23 31 93 37 96 57 55 77 33 53 49 36 21 69 49 35 48 65 5 88 61 63 32 27 59 54 15 89 33 70 73 40 10 34 87 28 85 39 37 0 74 35 17 87 36 99 62 19 4 40 73 41 63 0 41 16 55 94 57 29 43
9 47 55 64 68 90 46 11 98 33 44 63 56 48 79 10 29 75 61 67 64 20 65 53 32 36 95 76 89 86 33 72 0 72 35 33 30 14 25 19 38 76 10 70 6 48 20 11 71 66 99 22 68 92 66 65 75 9 37 55 64 44 22 99 74 99 49 21 69 40 44 79 73 62 95 50 30 19 86 0 38 29 4 19 40 62 7 2 37 51 9 57 4 60 28 62 76 44 97 46
92 79 57 0 66 21 37 81 22 35 28 88 83 75 88 63 53 53 75 17 25 3 89 46 35 24 53 77 32 11 30 57 86 91 70 36 91 76 9 52 57 2 77 11 16 68 31 14 19 99 46 48 54 57 89 94 26 34 75 1 59 16 38 0 50 55 72 29 53 76 2 56 44 21 2 89 4 7 80 17 0 27 81 14 81 99 59 10 34 21 11 54 60 91 70 50 94 24 64 34
53 72 64 91 25 41 5 60 80 76 96 85 34 57 86 22 52 78 83 20 52 83 54 84 78 87 4 37 17 75 57 64 67 0 33 28 22 36 28 38 6 67 69 91 41 6 54 83 76 46 88 42 90 1 70 8 12 9 80 27 56 33 75 75 75 42 90 87 20 5 1 10 43 44 90 64 71 37 71 21 12 0 96 18 58 80 64 97 60 0 26 37 19 31 78 88 91 97 27 92
93 48 84 82 30 69 10 86 52 30 35 34 52 50 66 70 11 42 27 96 23 26 80 89 91 33 42 72 73 66 73 91 13 66 81 42 61 65 99 63 18 88 32 21 34 19 19 34 63 84 54 48 49 60 58 84 62 23 84 3 51 90 25 28 3 92 69 21 53 97 30 41 12 43 89 78 24 22 73 29 80 52 0 82 70 35 34 95 58 26 93 10 20 47 55 72 34 59 61 47
40 37 92 20 75 11 80 14 83 38 39 80 90 23 96 12 65 98 45 57 70 13 87 97 81 2 13 3 59 76 28 83 36 84 72 48 95 80 21 74 71 67 53 35 6 10 62 90 40 27 24 22 67 5 29 92 35 8 28 70 25 57 46 48 32 7 88 22 65 18 61 18 25 56 73 70 70 60 32 89 68 99 79 0 80 11 71 14 49 29 61 71 46 30 60 11 13 32 57 63
15 5 39 13 28 67 68 76 12 87 27 32 48 91 86 59 73 67 99 7 39 11 7 81 24 31 62 10 20 38 22 2 83 12 81 29 24 27 60 82 22 0 38 96 88 44 9 3 26 67 65 59 73 88 98 41 98 88 69 37 17 91 13 45 34 86 31 30 70 57 44 67 88 54 62 94 9 21 37 55 36 38 40 16 0 7 22 93 82 40 95 90 47 39 99 25 14 38 67 71
85 69 60 93 48 38 58 3 85 24 48 11 69 93 19 24 78 59 54 12 99 40 33 77 40 67 6 12 31 29 66 86 2 17 95 55 1 95 26 17 12 92 10 9 58 68 24 52 98 81 64 53 77 55 97 37 88 68 97 81 27 95 36 59 66 50 53 42 13 20 20 79 43 91 32 79 31 36 9 48 1 61 36 9 63 0 81 91 57 95 31 85 65 38 93 44 99 73 51 3
94 1 58 29 78 78 98 16 73 77 3 29 34 76 32 97 48 79 73 30 9 62 74 34 13 39 36 12 5 78 5 88 19 96 87 18 86 13 64 69 73 32 54 59 88 1 17 91 92 2 59 96 68 98 88 73 80 54 66 79 78 35 44 23 25 85 42 25 93 39 7 37 32 88 13 77 35 42 43 19 82 16 21 38 70 76 0 73 17 4 66 3 13 33 65 92 18 39 51 36
3 82 31 89 64 0 71 48 49 47 20 99 89 0 56 81 67 92 58 8 87 37 95 42 35 33 38 85 9 35 99 34 72 10 45 85 22 58 33 98 91 43 48 61 33 35 62 29 46 2 43 6 99 51 7 70 73 92 79 75 64 31 53 68 31 18 30 75 33 99 77 12 38 82 78 99 2 18 77 30 89 37 79 85 25 73 43 0 94 32 19 52 59 0 22 45 9 10 33 26
28 60 52 63 6 74 66 77 7 2 52 14 42 75 10 82 36 54 41 8 31 55 87 66 68 92 90 71 72 0 27 77 54 96 33 72 94 15 49 53 53 0 15 62 95 51 55 50 96 67 74 16 3 15 22 87 21 95 85 14 35 98 4 36 34 29 41 37 40 29 75 90 82 16 66 24 42 57 65 28 73 28 43 72 86 29 69 7 0 9 0 52 7 74 29 5 99 9 43 24
64 28 34 91 17 41 11 8 24 30 0 73 42 52 17 79 46 42 98 7 74 53 12 90 10 91 49 66 3 97 44 81 20 53 36 97 41 11 98 41 98 74 69 66 55 62 83 61 33 23 72 15 75 78 54 29 81 74 55 6 32 93 66 4 23 58 69 56 38 10 29 55 4 35 17 78 23 30 78 6 93 17 78 96 90 2 93 5 42 0 2 17 42 93 77 88 99 90 74 26
12 77 74 92 20 54 26 6 15 10 30 83 71 51 39 65 12 72 89 38 55 85 34 60 46 5 68 78 35 32 13 45 52 50 81 32 21 28 64 91 28 34 28 92 84 0 71 64 65 78 21 60 24 58 70 51 34 9 19 53 9 73 36 13 17 80 24 6 11 85 32 96 67 31 41 28 60 27 94 21 3 44 89 37 89 30 85 57 45 9 0 32 96 89 18 19 3 41 92 54
6 57 23 44 37 41 81 23 18 11 78 5 89 35 37 11 34 82 56 1 46 87 89 54 66 80 84 77 71 61 35 26 70 70 39 70 58 30 5 15 25 39 17 12 96 5 87 62 71 47 98 35 91 90 57 69 65 21 50 89 72 62 5 83 57 25 78 39 45 97 61 83 60 98 80 79 78 57 49 33 50 15 59 63 91 39 48 80 70 88 25 0 2 39 73 68 43 32 66 65
33 8 8 15 43 97 43 63 90 36 50 35 38 30 50 23 61 57 63 28 95 14 88 95 25 74 27 6 65 82 15 83 72 93 22 94 15 70 90 0 24 32 80 10 11 63 84 79 28 57 97 14 11 61 41 63 67 88 43 1 57 38 58 64 91 11 94 23 50 33 74 77 2 96 97 95 44 88 9 73 55 31 42 37 24 95 39 24 93 86 45 42 0 6 97 51 56 87 18 75
19 26 45 83 11 36 81 63 54 66 22 43 88 4 17 52 0 15 99 90 61 2 38 41 57 57 97 9 10 53 95 86 40 33 57 53 30 64 10 9 35 74 45 67 61 43 66 53 94 36 94 43 81 85 74 94 52 97 76 23 45 93 20 82 72 75 63 14 20 5 64 97 25 89 38 16 8 56 35 46 49 79 19 49 25 50 48 48 74 70 62 58 66 0 24 5 71 24 79 2
15 68 0 52 26 54 65 19 76 76 47 85 17 24 19 55 75 75 90 0 45 91 68 82 68 0 51 99 53 34 71 67 37 22 52 14 69 94 43 51 91 34 6 59 90 94 87 79 83 19 34 36 91 52 74 63 76 76 63 40 83 29 7 15 97 36 31 55 52 25 65 83 27 99 10 90 24 79 77 7 2 92 27 36 78 39 53 29 50 58 24 44 94 27 0 34 94 83 82 8
36 29 59 29 88 60 12 75 0 44 95 37 94 91 52 76 15 24 67 4 45 32 64 43 35 97 38 0 53 66 14 62 37 90 41 86 47 19 32 57 64 22 21 59 98 31 60 53 21 78 86 79 16 55 25 21 16 59 37 71 52 53 58 67 21 39 70 72 65 83 68 32 3 24 37 5 16 42 89 10 70 57 13 17 54 74 51 39 25 66 66 42 23 75 8 0 79 87 7 95
33 53 30 81 43 52 70 48 45 3 32 51 25 44 4 6 70 81 58 89 81 32 93 29 99 54 40 36 90 33 40 69 99 36 79 14 35 10 98 93 94 93 63 26 39 94 96 15 24 52 71 27 78 60 67 1 6 65 22 44 44 48 71 52 48 50 32 93 74 51 60 27 68 69 84 26 80 14 6 98 71 19 51 64 62 79 46 90 14 12 64 65 29 96 5 94 0 56 7 96
17 28 58 49 92 99 41 85 79 29 84 5 6 99 29 31 46 0 0 9 78 27 1 42 10 28 13 62 81 22 50 50 72 32 51 44 81 93 31 69 70 60 80 23 51 65 74 96 28 50 1 31 15 17 93 90 61 8 3 77 49 32 74 12 30 51 49 78 20 24 54 58 43 75 60 89 29 6 57 7 90 24 71 78 53 8 7 87 38 89 34 86 69 75 10 0 5 0 5 40
1 32 90 58 50 4 35 80 69 73 63 59 92 14 43 55 41 24 41 3 85 57 28 12 89 87 92 0 15 85 64 7 3 70 1 71 91 15 32 13 0 47 79 79 38 90 2 91 88 70 56 34 93 82 37 30 64 80 40 97 88 92 6 35 6 69 31 73 60 66 85 36 38 22 14 44 77 29 63 43 24 12 4 1 81 79 14 36 48 13 26 2 19 33 53 62 33 84 0 7
55 77 66 42 77 98 90 17 66 17 24 70 49 93 87 71 82 31 4 60 9 8 84 55 22 95 90 28 90 45 80 66 38 51 25 42 27 31 8 6 81 28 89 1 49 93 25 54 36 74 24 11 58 38 22 38 94 84 57 52 26 26 8 60 26 36 60 24 93 71 60 58 53 43 72 50 49 81 82 64 78 48 50 28 9 1 47 53 84 30 80 68 0 5 86 82 71 2 2 0
