30 116 168 32
60 60 61 62 61 61 62 61 62 62 62 63 63 62 62 62 63 62 63 63 63 63 65 65 65 65 65 66 66 66 66 65 65 65 64 64 64 64 64 64 64 65 65 65 65 66 66 66 67 67 68 68 68 68 69 69 69 70 70 69 70 69 69 69 68 68 68 67 67 67 66 65 65 64 65 64 64 64 63 63 63 61 61 60 58 58 58 58 57 57 58 57 59 59 59 60 59 60 60 61 62 62 64 65 67 69 70 71 73 74 76 78 79 80 82 83 84 86 88 88 90 91 92 93 95 96 97 99 99 100 101 102 102 101 102 102 102 101 102 101 100 100 100 100 98 98 97 97 97 96 96 96 96 95 94 95 94 94 93 92 92 90 89 88 86 86 86 84
60 60 60 62 61 61 62 62 62 63 62 63 63 62 62 62 62 62 62 62 62 63 63 65 64 65 65 65 64 66 66 65 64 64 64 64 63 63 63 63 64 64 65 65 65 66 66 66 66 66 66 67 67 68 68 68 69 69 69 68 70 69 69 68 68 67 68 67 67 66 65 65 64 64 64 64 63 63 63 62 61 61 60 60 59 58 58 58 57 57 57 57 57 59 59 60 59 60 60 61 62 63 64 65 67 68 70 72 74 75 76 78 79 80 82 82 84 85 87 89 90 91 92 93 94 96 97 97 99 100 101 102 101 102 102 101 102 102 101 101 100 99 100 99 98 98 97 97 96 96 96 96 96 95 94 94 93 93 92 92 91 90 89 88 86 86 85 85
60 60 61 62 62 62 63 63 63 62 63 63 63 62 62 62 63 62 62 62 63 63 63 64 65 64 65 64 64 64 64 63 64 64 64 64 63 63 63 63 63 64 64 64 65 65 66 66 66 65 66 66 66 67 68 68 68 68 69 68 69 69 69 68 68 68 67 67 66 66 65 64 64 63 64 64 63 63 63 62 62 61 61 59 59 58 58 58 58 57 57 57 58 58 59 59 60 60 61 61 62 64 64 65 67 68 70 71 73 74 76 77 78 80 81 82 84 85 87 89 90 91 93 93 95 96 97 98 99 101 102 102 101 102 101 101 101 101 101 101 100 100 99 99 98 98 97 97 97 97 96 96 96 95 94 93 93 92 92 91 91 89 89 88 86 86 85 84
60 61 62 63 63 63 62 63 63 62 62 62 63 62 63 62 62 62 62 62 62 63 63 63 63 64 64 64 64 64 63 63 63 63 63 63 62 62 63 63 63 63 64 64 65 65 65 65 65 65 65 66 66 67 66 67 68 67 68 68 68 68 68 68 67 66 67 67 65 65 64 64 64 63 63 63 62 62 62 62 61 61 60 60 59 59 58 57 57 57 57 57 57 58 58 59 60 60 60 61 62 64 65 65 67 68 70 71 73 74 75 77 78 80 81 82 84 86 87 88 90 91 92 93 95 96 97 98 100 101 101 101 102 102 102 101 101 101 101 101 100 99 99 99 98 98 97 96 96 96 96 95 94 95 93 93 92 92 90 91 91 90 88 87 86 86 85 84
61 61 62 62 62 62 62 63 62 63 63 63 63 62 62 62 62 62 63 62 62 62 62 63 63 62 62 64 64 63 63 61 62 63 63 62 63 62 62 62 62 63 64 64 64 64 65 65 65 65 65 65 65 65 66 66 66 67 67 67 68 68 67 66 67 66 65 65 64 64 65 64 63 63 63 64 63 63 63 63 62 61 60 59 59 58 58 58 57 57 56 57 57 58 58 59 59 60 61 61 62 63 63 65 66 68 69 71 73 74 75 75 77 79 80 81 82 84 86 88 89 90 92 94 95 96 97 98 98 100 101 101 101 102 102 102 102 100 100 100 100 100 99 99 98 97 97 97 96 96 96 94 94 93 93 92 91 91 91 90 91 89 88 87 85 84 84 84
61 61 62 62 63 62 63 63 63 63 63 63 63 62 63 62 62 62 62 62 62 62 62 61 62 62 62 62 62 63 61 61 62 62 61 62 62 62 62 62 62 63 63 63 64 65 65 64 65 64 65 65 65 65 66 66 67 66 66 67 67 67 67 66 66 66 66 66 66 66 65 65 65 64 63 63 62 63 63 63 62 61 61 61 60 59 58 58 57 57 57 57 56 58 58 59 59 59 61 62 62 63 63 65 67 68 69 70 72 74 73 74 77 78 80 81 83 85 87 87 89 90 92 93 94 96 97 97 99 100 101 102 102 102 102 101 101 101 101 100 99 99 99 98 98 97 97 95 95 95 94 94 93 92 92 91 92 90 91 90 89 88 88 86 86 85 84 83
60 61 62 62 63 63 63 63 63 63 63 63 63 62 62 62 61 62 62 62 62 62 62 61 62 62 61 61 61 61 61 61 62 62 62 62 61 61 61 62 61 63 63 63 64 64 64 64 64 64 65 64 64 64 64 65 65 66 66 66 66 67 67 67 67 66 64 62 61 61 60 61 60 61 62 64 65 63 63 61 60 58 57 56 56 57 57 57 57 57 57 57 57 58 58 59 59 60 61 61 63 63 64 65 67 67 69 70 71 74 74 73 75 79 80 81 82 84 85 87 89 90 91 93 94 96 96 97 99 100 100 101 101 101 102 101 101 101 100 100 100 99 99 98 97 97 95 95 95 94 94 93 92 92 91 90 90 90 89 89 89 87 88 86 85 85 84 83
62 62 61 61 63 63 63 63 64 63 63 63 63 62 62 62 61 61 62 62 62 62 61 61 61 61 61 61 61 61 61 60 61 61 61 61 62 61 61 61 62 62 63 64 63 64 64 64 64 64 65 64 64 64 65 64 64 65 65 67 66 66 64 63 63 67 71 77 84 92 102 114 127 136 146 152 151 147 143 135 126 115 103 90 77 66 59 55 55 56 57 58 58 58 58 59 59 59 60 61 62 63 63 65 66 67 69 70 71 73 75 75 76 78 80 81 82 83 86 87 87 90 91 92 94 95 97 97 99 99 100 100 101 101 101 101 101 100 100 99 99 98 98 97 98 96 96 95 95 94 93 93 93 91 91 90 90 90 89 89 88 88 87 87 85 85 84 84
62 61 62 62 62 63 64 64 64 63 64 63 63 62 62 62 62 62 62 62 62 61 61 61 61 61 61 61 61 61 60 60 60 61 61 61 61 62 62 61 62 62 62 63 64 64 64 64 64 64 64 63 64 64 64 64 66 66 64 63 63 68 80 97 118 136 153 169 180 189 200 212 226 235 240 240 236 230 224 217 208 198 188 174 156 136 113 92 75 63 57 56 57 59 59 59 59 59 60 61 62 62 64 65 66 67 68 70 71 73 75 76 77 78 79 81 82 84 85 87 88 89 91 92 93 95 96 97 99 99 100 100 101 101 101 100 101 100 100 99 99 98 97 98 97 96 96 94 94 93 93 92 91 91 91 89 89 90 88 89 88 87 87 87 85 84 85 85
62 62 62 63 63 63 64 63 63 63 64 63 63 63 63 62 61 62 62 62 61 61 61 61 61 61 61 60 61 61 60 60 60 61 61 60 60 61 62 62 62 63 63 63 63 64 64 64 63 63 63 63 63 64 65 64 64 63 66 82 107 136 166 193 215 227 236 242 243 244 247 250 255 255 255 255 253 250 247 242 239 234 229 224 215 204 191 171 148 122 96 73 61 56 57 59 59 59 60 60 61 62 64 65 66 67 68 69 71 72 73 75 76 77 79 80 81 84 85 87 87 88 91 92 93 95 96 96 98 99 100 99 100 100 100 100 100 100 99 99 99 98 97 97 96 96 95 94 94 93 92 92 91 90 90 90 90 89 89 89 88 87 87 87 85 85 85 84
62 62 63 63 63 63 63 63 63 63 63 63 63 62 63 62 62 62 61 61 61 61 61 61 61 61 60 61 61 60 60 60 60 60 60 60 61 61 61 62 62 63 62 62 62 63 62 63 62 62 63 63 65 64 64 62 69 92 126 165 197 216 233 245 253 255 255 254 249 249 251 251 254 254 254 254 254 254 255 250 246 240 235 235 234 229 225 218 210 195 170 142 113 88 69 59 58 60 60 60 62 62 63 65 66 67 68 69 70 72 74 75 76 77 78 80 81 83 84 86 87 88 91 91 93 94 95 96 98 98 99 100 101 100 100 100 99 100 99 99 98 98 97 97 96 96 96 94 94 93 92 91 91 90 90 90 89 89 88 88 88 87 87 86 85 85 85 84
62 62 63 63 63 63 63 63 63 63 63 63 63 62 62 62 62 62 62 62 61 61 61 61 61 61 61 61 60 60 60 60 60 60 60 61 61 61 62 62 62 62 62 62 62 62 62 63 63 62 63 64 62 62 71 97 133 173 203 225 239 241 242 240 241 243 245 245 246 247 250 252 254 255 255 255 255 255 255 252 250 244 239 240 237 230 227 227 225 221 210 198 183 161 132 98 69 58 59 61 62 62 63 64 65 66 67 68 71 72 73 75 76 77 78 79 81 83 84 86 87 88 90 91 92 93 95 95 97 98 99 99 100 100 100 99 99 98 98 98 97 97 97 96 96 95 94 95 93 93 92 91 90 90 90 88 88 88 88 88 87 87 86 86 85 84 85 84
61 62 62 63 64 63 63 63 63 63 64 63 62 63 62 62 62 62 62 62 62 61 61 61 61 61 61 61 61 61 61 61 60 61 61 60 61 62 62 62 62 62 62 62 62 63 63 62 62 63 63 62 67 93 133 174 203 223 233 239 244 239 229 224 227 232 236 236 237 239 242 247 253 255 255 255 255 255 255 255 255 255 253 251 245 239 236 237 234 226 218 213 209 205 194 171 132 92 66 59 61 63 63 63 64 65 67 69 70 71 72 74 75 77 78 80 81 83 84 86 87 88 89 90 91 93 94 94 95 97 97 98 99 99 99 99 99 98 98 98 98 97 97 96 95 95 93 94 93 92 91 91 90 90 90 89 88 88 87 87 87 87 86 86 85 84 84 83
61 61 62 62 63 64 63 62 62 63 63 62 63 62 62 63 63 63 63 62 63 63 61 62 61 61 61 62 62 62 61 62 61 61 61 61 61 61 61 61 61 62 62 62 62 62 62 63 63 62 62 80 122 166 198 217 226 231 233 233 237 233 224 221 226 231 231 229 230 231 234 238 250 255 255 255 255 255 255 255 255 255 255 253 247 241 240 244 243 232 228 222 219 219 215 208 190 159 117 80 63 62 64 63 64 65 66 68 70 72 72 74 76 77 78 79 81 82 83 85 86 87 88 90 89 92 94 94 95 96 97 98 97 97 97 98 98 97 98 97 96 96 96 95 95 94 93 93 93 93 92 91 90 89 88 88 88 87 88 87 87 86 85 84 84 83 83 83
61 62 63 63 63 63 63 63 64 63 63 63 62 63 63 64 63 62 63 64 64 64 63 62 61 61 62 62 62 62 62 61 61 61 61 61 61 62 61 62 62 61 62 62 62 62 62 64 62 66 98 148 189 213 222 225 228 229 228 227 225 226 227 226 229 239 241 231 231 234 232 236 247 254 255 255 255 255 255 255 255 255 255 255 250 245 247 248 245 233 225 220 216 215 216 215 211 201 175 140 100 68 62 64 64 65 66 67 70 71 72 74 76 76 78 79 80 82 84 84 86 87 88 88 89 91 92 93 95 95 96 97 97 97 97 97 98 97 96 96 96 95 95 95 94 94 92 91 91 91 90 90 90 89 89 88 87 87 87 87 86 86 85 83 83 83 83 82
61 62 63 62 63 63 64 64 64 64 64 63 63 63 63 63 63 63 64 64 64 64 63 63 62 62 62 63 63 62 62 61 62 62 62 62 61 62 62 61 61 62 62 62 62 63 63 61 67 112 171 205 217 221 224 227 228 233 231 229 227 227 229 233 234 241 247 236 229 229 232 237 244 253 255 255 255 255 255 255 255 255 253 250 253 251 246 245 242 237 223 220 213 212 221 214 209 207 202 190 167 123 77 62 64 65 66 67 69 71 73 74 75 77 77 79 80 81 82 83 85 86 87 88 89 90 92 94 94 95 95 96 96 96 97 97 96 96 96 96 95 95 94 94 94 92 92 92 91 90 90 90 89 89 88 88 87 86 86 86 85 85 85 83 83 83 83 82
61 62 62 62 63 64 64 64 64 64 64 64 64 63 63 63 63 63 64 63 64 64 63 63 63 63 63 63 63 62 62 62 63 62 62 62 62 62 61 62 62 61 62 62 62 63 61 73 121 178 215 225 222 222 225 230 231 238 239 233 231 232 235 236 237 241 246 235 227 229 235 236 244 254 255 255 255 255 255 255 255 254 247 244 250 251 246 244 245 244 228 223 220 217 220 213 209 209 206 204 203 192 142 84 62 65 66 67 68 70 72 73 74 76 77 79 79 81 82 84 84 85 86 87 89 90 91 92 92 94 95 96 96 96 96 96 97 96 95 95 95 94 94 93 94 92 91 90 90 90 90 89 89 88 88 87 87 87 86 86 85 85 83 83 84 82 82 82
61 62 62 64 63 63 64 64 64 64 64 64 64 63 63 63 63 63 64 64 64 63 64 64 63 64 64 63 63 63 63 62 62 62 62 62 62 61 61 62 62 62 62 62 62 60 76 128 184 212 224 230 227 223 225 232 233 235 235 231 230 232 233 230 231 236 236 229 227 231 235 236 241 255 251 253 254 254 255 255 255 253 251 246 245 245 246 247 243 235 226 211 209 205 200 202 204 206 205 204 210 218 200 150 95 65 66 67 68 69 71 73 74 76 77 77 79 81 83 83 84 85 86 87 88 89 91 92 92 94 95 96 96 95 95 96 95 95 95 94 94 94 93 93 92 92 91 90 90 89 89 89 88 88 87 87 86 86 86 85 85 85 84 84 82 82 82 82
61 62 63 63 64 64 64 65 65 65 64 65 65 64 64 63 64 64 64 64 64 64 64 64 64 63 64 63 64 63 63 63 62 62 62 62 62 62 63 62 62 62 62 62 62 78 130 185 214 222 229 234 227 221 225 228 230 237 240 235 233 232 228 229 233 227 220 224 226 228 232 227 219 235 244 248 250 254 255 255 255 255 253 245 238 235 238 235 230 232 227 219 216 210 208 208 202 199 195 193 200 213 219 204 163 102 65 66 69 69 70 72 74 75 77 77 78 80 82 83 84 84 85 86 88 89 90 91 93 94 94 95 95 95 95 94 95 94 94 93 93 93 93 92 91 91 90 89 90 88 89 88 88 88 86 86 86 86 85 85 84 83 83 82 82 82 81 82
62 62 63 64 64 65 64 65 65 64 64 65 64 64 64 64 64 64 64 64 64 64 64 64 64 65 64 64 64 64 63 63 63 63 63 63 62 63 63 63 62 62 63 61 79 129 181 211 223 228 234 235 223 218 220 223 234 242 240 228 227 229 228 230 226 221 212 209 215 219 225 227 229 233 246 252 254 255 252 252 251 246 239 239 239 236 242 240 242 243 236 231 230 222 214 216 215 221 216 202 195 202 211 212 204 167 101 66 68 70 70 72 73 75 77 77 78 80 81 83 83 84 85 86 87 88 90 91 91 93 94 94 95 94 94 94 94 93 92 93 92 92 92 92 91 90 89 89 88 89 88 88 87 87 87 85 85 85 85 84 84 83 83 82 82 81 81 80
62 62 63 65 64 64 65 65 65 65 65 65 65 64 64 64 64 64 64 64 64 65 64 64 65 64 65 65 64 65 63 63 63 63 63 63 62 62 63 63 63 63 62 76 127 179 203 212 221 230 236 235 222 217 220 225 235 234 225 223 223 226 227 219 212 209 197 192 198 203 215 222 231 246 254 252 249 244 237 237 244 247 249 245 244 243 242 241 241 232 227 213 203 201 199 196 193 200 209 205 205 207 210 212 210 202 160 96 66 69 69 71 73 74 76 77 78 79 80 82 83 84 85 86 87 88 89 90 92 92 93 94 94 94 94 93 93 93 92 92 91 91 91 90 90 90 89 88 88 88 88 87 87 86 86 85 85 84 84 84 83 82 82 82 81 81 81 81
62 63 63 64 65 65 65 65 65 65 65 65 64 65 64 64 64 65 65 64 65 64 64 65 65 64 65 64 64 64 65 64 63 63 63 63 64 64 63 63 63 62 74 124 179 205 208 209 219 226 232 234 222 218 219 216 224 226 223 229 227 224 215 203 195 192 188 188 188 201 214 214 223 234 238 238 235 239 243 246 252 255 253 245 238 231 229 218 213 210 211 203 193 197 198 194 186 180 184 194 200 204 216 219 213 207 194 149 89 68 70 71 72 74 75 77 77 79 81 81 82 83 84 86 86 88 89 90 91 91 92 92 93 93 93 93 93 91 92 91 90 91 91 91 89 88 89 88 88 88 87 87 85 85 85 84 83 84 83 83 82 82 82 81 80 81 80 81
62 63 64 64 64 65 66 65 65 66 65 65 64 65 65 65 65 65 65 65 64 65 65 65 65 65 66 66 65 64 65 65 63 64 64 63 64 63 64 65 63 67 114 175 208 211 208 215 223 224 226 232 224 217 207 207 219 225 226 225 222 218 197 191 193 192 197 197 198 197 197 198 202 209 224 235 243 249 253 255 255 251 233 220 219 220 214 205 204 206 206 212 204 200 197 193 183 185 187 186 188 196 209 213 211 207 198 178 133 82 69 71 72 73 75 76 77 78 79 80 82 83 85 86 87 87 88 89 90 91 91 92 93 93 93 92 91 92 91 91 91 90 89 90 88 88 89 88 86 86 86 85 85 85 85 83 83 83 82 83 81 81 81 82 81 80 80 80
63 63 64 64 64 65 65 65 65 65 65 65 66 65 65 65 65 65 65 65 65 65 65 65 64 65 65 66 66 65 66 66 65 64 64 65 65 63 65 65 63 98 158 194 207 205 205 215 223 224 228 232 228 217 208 211 216 221 209 208 199 194 184 193 207 201 196 188 192 189 192 198 205 218 235 242 252 255 252 243 233 225 219 209 201 198 211 217 208 207 205 207 205 189 183 193 186 185 196 188 185 198 206 207 203 201 196 185 163 112 75 70 72 73 75 76 76 78 79 81 82 84 84 84 86 87 88 90 90 91 91 91 91 91 91 91 91 91 91 91 90 89 90 89 88 88 87 87 86 85 86 85 84 84 84 83 82 82 82 81 81 81 80 80 80 80 80 80
63 64 64 64 65 65 65 66 66 66 66 66 65 65 65 66 65 65 65 66 65 65 65 65 65 66 66 66 65 65 65 66 65 65 65 65 65 65 66 62 82 140 175 185 195 201 204 211 218 226 232 235 227 214 212 217 211 203 181 181 191 195 204 199 196 190 188 188 191 195 207 213 213 222 240 252 247 239 235 232 223 222 225 214 208 208 209 207 194 190 191 189 186 179 175 181 187 182 172 171 180 182 199 209 199 195 194 192 175 139 95 72 72 73 75 76 77 78 79 80 82 82 83 84 85 87 87 88 90 90 90 90 89 90 91 90 90 91 90 90 90 90 89 88 88 87 87 86 86 85 85 84 84 84 84 82 83 81 81 81 80 81 80 80 80 79 79 80
64 64 64 65 65 65 65 66 66 66 66 66 66 66 65 65 65 66 66 65 65 65 65 65 66 65 66 66 66 66 66 66 66 66 66 66 66 67 65 69 120 169 180 183 191 199 208 214 219 229 235 232 220 210 207 214 192 169 175 185 199 206 204 192 179 182 197 208 209 202 208 212 211 224 230 225 226 229 231 241 237 224 219 225 231 218 203 198 186 177 176 177 177 179 186 175 181 183 180 173 168 166 180 201 206 201 189 188 180 158 123 84 71 73 74 75 77 77 78 80 81 82 84 85 84 87 87 87 89 89 89 89 89 90 90 90 90 89 90 90 89 89 89 88 87 87 86 85 85 84 84 84 83 83 83 82 82 81 81 81 80 80 79 79 79 79 79 79
64 64 65 65 66 66 66 66 66 66 66 66 67 67 66 66 66 66 66 66 66 66 66 65 66 66 66 66 66 66 67 66 66 66 65 63 61 64 64 96 163 194 194 191 190 202 209 216 223 232 234 221 210 207 185 178 177 174 181 188 184 182 184 181 181 192 202 204 206 206 206 203 190 200 215 217 228 233 240 236 222 221 225 226 212 201 185 178 184 180 180 190 189 177 174 181 193 188 188 179 173 175 175 185 191 198 198 188 176 166 147 107 76 72 74 75 76 77 78 80 81 82 83 84 85 86 86 86 88 89 90 89 89 89 89 89 88 89 88 89 89 89 89 87 86 86 85 85 84 84 84 84 84 83 82 82 82 80 80 80 80 80 79 80 79 80 79 79
64 65 65 66 65 65 66 66 66 67 67 67 66 67 67 66 67 67 66 66 66 66 66 66 66 66 66 66 67 66 67 66 63 66 73 86 106 119 112 135 187 206 200 194 194 200 203 220 230 232 228 217 207 186 167 165 180 191 175 161 167 174 188 197 197 192 193 189 193 197 190 185 177 197 221 227 231 230 228 231 232 238 239 218 201 197 191 194 196 193 197 204 195 188 176 168 178 190 186 174 171 171 182 195 189 179 190 191 183 166 154 130 91 72 74 76 76 78 78 80 81 82 83 83 84 85 85 86 88 89 89 88 89 89 88 88 87 88 88 89 88 88 88 88 86 86 85 84 84 84 84 83 83 82 83 83 81 80 79 79 79 80 79 79 79 79 78 79
64 65 66 66 66 66 66 66 67 67 67 67 67 68 67 67 67 67 67 67 67 67 66 66 66 66 67 66 68 66 63 69 87 121 155 186 214 218 195 184 196 198 190 186 187 190 198 221 224 219 219 211 187 165 177 190 185 171 168 167 183 192 199 194 193 197 187 181 181 185 183 182 188 202 219 220 215 218 231 241 233 223 211 205 207 205 200 203 203 195 177 169 161 161 166 171 158 158 164 163 152 157 176 196 199 190 197 194 188 175 160 141 106 78 74 75 76 77 79 79 79 82 82 83 84 85 85 86 87 88 88 88 88 88 88 88 88 87 88 88 88 87 87 87 86 86 84 84 84 84 83 83 83 83 82 80 80 80 80 80 80 79 79 79 79 79 78 78
65 65 66 66 67 67 67 67 68 68 68 68 68 68 68 68 68 68 68 67 67 67 67 65 66 65 66 67 66 69 95 138 182 220 241 252 255 255 241 217 207 193 183 173 174 189 202 214 207 208 217 190 162 168 180 179 172 168 181 206 203 193 190 181 178 193 184 180 184 189 186 184 188 193 207 216 215 224 240 237 223 218 206 207 206 200 186 184 187 176 156 150 161 171 170 158 148 147 152 156 145 154 178 183 201 200 204 205 190 174 162 144 114 88 73 75 76 77 78 80 80 81 81 82 83 84 85 86 87 87 88 88 88 88 88 87 87 87 87 87 88 87 87 86 86 85 84 84 84 84 82 82 82 82 82 81 80 80 79 79 79 79 79 79 79 79 78 77
66 66 66 67 67 68 67 68 69 68 69 68 69 68 69 68 69 68 69 68 68 67 66 66 66 67 67 64 75 119 180 224 248 255 255 254 254 255 248 222 196 183 178 161 154 177 194 198 201 211 208 180 172 174 165 166 179 191 194 209 204 188 186 176 169 179 182 182 186 179 183 184 189 202 212 214 213 211 219 233 227 227 228 210 193 183 183 190 179 164 151 156 157 158 147 136 140 139 144 138 141 143 160 176 203 211 210 210 196 174 160 146 122 97 78 74 76 76 77 78 80 80 81 82 82 83 85 86 86 87 88 88 89 88 87 87 87 87 87 87 86 86 85 86 86 85 84 84 83 83 83 82 82 82 82 80 80 79 79 78 79 79 78 78 79 78 78 77
67 67 67 67 68 68 69 69 69 70 69 70 70 69 69 70 69 69 68 68 67 67 67 66 67 66 66 86 139 203 241 254 254 254 254 254 255 255 252 226 171 164 174 150 146 167 178 190 200 197 197 194 177 165 174 178 188 192 174 190 186 176 182 171 173 187 180 167 171 166 175 188 188 196 205 198 203 204 209 226 230 223 210 198 205 204 196 183 157 150 160 164 170 172 178 168 154 155 159 166 175 176 162 181 199 198 206 207 204 190 164 152 136 108 85 74 75 75 76 78 79 80 81 81 82 82 83 84 86 86 86 87 87 87 86 86 86 86 86 87 86 86 85 85 85 84 85 83 83 83 83 82 81 81 80 81 80 80 79 79 78 78 78 78 78 77 77 76
67 67 68 69 68 69 69 69 70 71 70 69 70 70 69 70 69 69 68 68 68 67 67 68 66 70 100 156 213 247 255 254 252 253 255 255 255 254 255 235 181 180 183 162 169 161 174 193 183 179 192 190 177 173 184 177 173 167 163 173 178 180 178 184 185 175 165 161 167 177 176 174 172 187 203 208 210 222 230 225 217 220 233 227 205 178 169 163 166 179 193 166 162 155 153 153 138 136 130 128 144 156 162 174 195 197 202 204 192 191 168 151 143 121 92 75 74 76 76 78 79 80 80 81 82 83 83 84 86 85 86 86 86 87 86 86 86 86 86 85 86 86 85 85 84 84 83 83 83 82 81 81 81 81 80 79 79 79 79 79 79 78 78 78 78 77 77 76
67 68 68 68 68 69 69 70 70 70 70 70 70 69 69 69 70 69 70 68 68 68 69 66 73 116 174 221 248 254 254 252 249 252 255 255 255 254 255 236 193 189 181 175 167 156 171 182 171 169 181 186 193 179 182 169 160 159 156 158 173 181 177 162 156 165 162 153 159 165 165 176 186 199 220 222 213 231 235 237 239 241 237 205 188 184 181 180 199 184 168 150 142 141 144 138 137 138 131 135 140 134 149 160 164 170 187 189 178 183 170 143 134 126 100 79 74 75 76 77 79 79 80 81 81 82 82 83 84 85 85 85 86 87 86 85 86 86 86 85 85 84 84 84 84 83 83 83 82 82 82 81 81 81 80 80 79 79 78 79 78 78 78 78 77 77 76 76
67 68 68 69 70 69 69 69 71 71 71 71 71 69 70 70 70 70 70 69 69 68 67 70 117 180 224 248 251 248 246 244 238 244 254 255 255 255 255 235 200 176 160 169 149 147 160 172 177 169 175 191 186 166 168 161 153 153 154 162 168 160 164 157 161 165 158 152 154 160 168 177 187 193 200 211 224 243 245 239 234 226 209 186 206 214 194 176 159 159 163 161 157 152 144 131 139 140 128 143 143 143 155 168 172 167 168 171 171 181 180 140 122 119 108 87 74 75 77 78 78 79 80 81 81 81 82 82 84 84 85 85 86 86 86 85 85 86 85 85 85 84 84 83 83 83 83 82 82 82 82 82 80 81 79 79 79 79 78 78 78 78 78 78 77 77 76 76
67 68 68 69 69 69 70 70 71 71 70 71 71 70 71 70 70 71 70 69 69 69 68 104 168 214 237 242 240 239 236 229 228 242 254 255 255 255 254 230 198 159 161 165 140 134 150 164 171 164 179 191 163 142 140 145 150 157 154 150 154 163 163 164 156 146 147 168 172 168 164 161 173 190 214 234 237 224 218 215 207 204 215 220 200 166 167 173 149 168 161 155 148 138 135 115 108 126 115 115 119 130 145 158 168 173 177 183 178 173 168 148 128 108 100 91 77 74 76 77 78 79 80 80 80 81 81 82 83 84 84 84 85 85 85 85 85 85 85 85 85 84 83 83 82 82 82 82 82 82 81 81 81 80 80 79 78 78 78 77 78 78 77 78 76 76 76 76
67 68 68 69 69 69 70 71 71 71 71 71 71 70 71 70 71 70 70 69 70 68 89 147 198 222 229 229 228 230 228 226 233 247 254 255 255 255 250 215 179 159 171 153 135 134 152 166 163 166 180 169 140 140 139 150 154 153 148 146 158 159 154 156 159 172 158 158 152 148 154 167 181 208 231 216 196 200 200 212 214 230 228 194 164 164 168 174 159 151 149 151 144 133 129 118 101 119 127 123 119 130 146 156 160 164 172 176 178 177 168 147 124 108 95 86 80 74 75 77 77 78 79 79 80 80 81 82 82 83 83 84 84 84 84 85 85 84 84 83 84 84 83 83 81 82 81 82 82 81 80 80 80 80 79 78 78 77 78 77 77 77 77 76 76 77 76 76
68 68 69 69 69 70 71 71 71 71 71 71 71 71 72 71 71 70 70 71 69 81 130 183 211 216 220 220 219 223 232 238 240 245 253 255 253 254 251 204 176 174 159 146 138 137 148 157 164 175 173 148 136 138 133 135 145 147 138 136 151 151 171 176 168 166 157 150 156 166 168 162 159 172 194 199 191 207 223 233 224 206 189 179 181 181 159 158 171 157 141 132 112 102 91 89 87 89 93 88 95 108 125 139 152 154 164 176 178 177 171 153 131 113 97 81 75 76 75 76 77 78 79 79 79 81 81 81 82 82 83 84 84 84 84 84 83 83 84 83 84 83 83 83 82 81 81 80 80 80 80 80 79 79 79 78 78 78 77 77 77 76 76 77 76 76 76 75
68 69 69 70 70 69 71 71 71 71 71 72 71 71 71 70 71 71 70 70 73 108 166 205 213 210 213 215 219 229 237 241 241 247 253 253 251 253 251 207 172 142 141 140 134 134 140 156 173 173 165 157 145 130 123 134 142 132 133 145 157 162 188 175 148 150 154 153 161 157 146 147 149 169 193 194 204 220 208 198 193 203 208 193 175 175 160 161 160 135 112 108 91 88 91 94 98 94 84 85 89 103 113 133 152 154 163 174 174 174 187 167 142 132 106 88 76 75 75 75 77 78 78 78 79 80 80 80 81 81 83 83 83 83 83 83 83 83 83 82 83 83 83 82 80 80 81 79 80 80 79 79 78 79 78 78 77 77 77 77 77 76 76 76 76 75 75 76
69 69 69 70 71 70 71 71 71 71 70 71 71 71 71 71 71 71 71 70 84 125 180 207 205 202 206 213 224 232 237 239 236 238 249 252 251 250 242 213 145 106 138 112 127 132 140 167 177 166 163 164 139 119 123 132 133 120 133 159 159 150 169 170 173 168 158 151 136 132 136 147 160 182 193 192 189 190 181 188 204 217 214 193 168 172 163 142 125 119 103 100 108 109 93 90 110 110 95 105 102 94 112 122 130 136 144 149 159 163 185 184 149 129 118 104 82 74 75 75 76 77 78 78 79 79 79 80 81 81 81 82 81 81 81 82 81 81 83 82 82 82 82 82 81 81 80 80 79 79 79 78 78 77 78 77 77 77 76 76 75 76 75 76 75 76 75 75
69 70 70 70 71 71 71 71 70 71 71 71 70 72 71 71 72 71 71 79 100 138 183 200 197 195 199 211 221 228 236 231 224 230 246 247 245 247 229 189 131 135 119 89 129 139 152 165 164 155 158 154 124 122 131 129 132 129 125 130 139 143 162 163 161 144 127 140 140 145 162 162 166 158 154 159 179 201 199 197 199 212 210 184 151 149 146 129 125 108 103 113 121 123 119 128 119 122 135 136 138 127 132 127 128 136 110 111 140 133 158 165 143 123 116 111 90 75 75 74 75 76 77 78 77 79 79 79 80 80 81 81 81 81 81 82 81 82 81 82 82 80 80 81 79 79 80 79 79 77 77 78 77 77 77 76 77 75 75 75 75 75 75 75 75 75 74 74
69 70 71 70 71 71 72 71 72 71 71 71 71 72 72 72 73 72 71 88 118 154 183 194 194 193 200 212 218 226 227 217 214 222 238 245 239 232 210 173 164 163 104 93 134 144 152 153 153 154 158 143 117 116 113 124 132 128 124 133 146 158 161 155 151 152 131 152 174 168 154 141 141 142 164 180 192 210 202 198 202 200 183 153 141 125 123 126 123 118 131 138 131 140 159 155 143 139 132 146 153 161 159 158 169 176 161 158 157 139 145 148 128 123 110 101 93 82 75 75 75 76 76 76 77 77 78 79 80 80 80 81 80 80 80 80 81 80 80 81 80 80 80 80 79 79 78 78 77 77 77 76 77 76 76 76 75 76 75 75 75 75 74 74 75 74 74 73
69 70 70 70 71 71 72 72 71 71 71 71 71 71 72 72 69 68 79 105 134 162 178 187 191 194 202 212 215 214 214 206 203 212 226 230 222 224 201 175 167 135 112 105 130 134 138 146 159 160 152 140 128 111 103 108 117 130 145 139 142 137 140 151 167 171 162 152 147 131 115 131 154 166 187 185 184 196 200 185 187 179 162 134 117 127 143 150 158 155 146 137 128 128 135 146 162 149 129 141 148 159 175 174 177 180 182 185 175 172 179 180 151 138 112 84 86 88 80 73 73 75 75 76 77 76 77 78 79 79 80 80 80 80 80 80 79 80 80 80 80 79 79 79 78 78 77 77 76 76 77 76 76 76 76 76 75 75 75 75 74 74 74 74 74 73 72 72
69 70 70 70 70 71 71 72 72 72 72 71 71 72 70 70 86 118 147 148 146 159 173 185 195 197 200 204 203 202 205 198 193 197 208 218 224 222 197 170 123 89 108 122 128 124 125 151 166 152 144 155 125 109 102 107 121 120 127 119 123 122 130 157 175 157 136 119 123 138 151 163 162 151 155 171 181 181 184 173 163 133 106 120 143 169 172 156 143 124 117 122 117 109 116 137 176 170 162 148 138 156 182 180 185 189 183 179 184 180 186 206 175 145 137 96 72 77 83 75 72 74 75 76 76 76 77 79 78 79 79 79 80 80 79 79 80 79 79 80 80 79 79 79 78 77 77 77 76 76 76 76 75 76 75 75 76 75 75 74 74 74 74 73 74 73 73 72
69 70 71 70 71 71 71 72 71 72 72 72 72 70 75 111 162 203 218 192 154 154 175 190 200 195 191 194 195 196 199 196 188 191 206 217 222 224 213 173 109 106 128 132 123 107 133 159 155 146 147 154 120 117 105 109 111 107 116 120 131 149 166 156 131 122 129 138 150 157 139 124 129 139 150 164 169 162 160 153 147 116 130 171 185 172 147 123 118 117 118 112 102 94 105 129 135 129 140 139 130 144 172 178 184 186 183 183 180 188 194 207 201 168 150 136 100 67 74 78 72 73 74 75 76 76 76 78 78 78 79 79 79 79 78 79 79 79 79 79 79 79 78 78 78 77 78 76 76 76 75 76 75 75 75 74 75 75 74 74 74 74 73 73 73 72 72 72
69 70 70 70 71 71 72 71 71 72 71 72 71 81 126 183 227 250 246 203 155 156 178 193 198 184 185 190 190 190 190 189 190 188 195 223 235 235 209 168 138 130 111 88 87 122 137 135 142 146 150 147 119 115 103 102 107 115 127 142 143 140 133 128 131 136 147 152 134 118 117 118 123 141 149 150 146 154 160 170 181 178 186 175 144 135 134 125 120 115 93 84 85 85 89 117 129 117 133 139 124 124 134 146 160 160 161 171 169 163 175 178 182 181 146 119 113 88 72 80 75 72 73 74 75 76 76 77 78 78 78 79 79 79 78 78 78 78 79 78 78 78 77 77 77 77 76 75 75 76 75 75 75 75 75 74 74 73 74 73 73 73 73 72 72 72 72 71
69 70 70 70 70 72 72 72 71 72 73 72 80 126 179 222 249 254 242 198 153 156 175 190 189 180 181 181 175 172 181 183 179 183 206 232 223 206 187 185 161 126 107 61 79 125 113 124 140 141 149 149 123 106 110 108 123 141 122 123 123 115 123 133 136 129 132 135 137 138 136 129 127 135 126 134 153 175 190 198 199 184 172 156 138 134 127 107 90 80 72 79 73 68 79 76 94 96 96 101 114 129 147 159 171 165 149 137 152 148 144 160 154 154 118 104 99 91 81 74 74 72 73 73 75 75 76 77 78 77 78 79 78 78 78 78 78 77 78 78 77 78 77 77 76 76 75 75 75 74 74 75 74 74 74 74 74 74 74 73 73 73 72 72 71 71 71 71
69 70 70 70 71 71 71 72 72 72 71 76 115 168 205 230 245 250 241 201 155 154 173 179 179 172 165 164 162 169 175 172 183 191 194 202 204 210 208 175 130 140 112 91 114 102 112 117 126 140 151 137 110 98 120 139 134 109 99 107 118 113 116 121 127 130 120 128 130 114 108 108 100 110 135 158 182 187 192 189 174 161 165 159 137 118 103 88 80 64 59 83 84 83 126 130 145 157 168 188 200 207 212 220 232 235 231 217 214 206 192 191 175 160 106 79 84 82 79 74 74 72 72 73 74 74 75 76 77 77 78 78 78 78 78 78 77 78 77 77 77 77 77 76 76 75 76 75 75 74 74 74 74 73 74 74 73 73 73 72 72 72 72 71 71 70 70 70
70 70 70 70 71 72 72 72 72 72 72 99 149 186 209 223 237 246 238 198 150 148 169 175 171 156 149 153 157 165 172 182 177 159 161 197 219 224 211 145 124 153 129 131 90 72 114 118 125 142 139 130 121 110 134 134 114 106 90 98 109 115 113 112 111 129 125 116 99 81 101 115 118 142 175 171 171 173 173 180 173 161 151 142 135 112 88 79 93 95 87 92 107 115 147 184 173 158 163 180 180 174 178 179 187 196 205 209 209 208 211 227 223 217 176 116 83 62 69 78 77 72 72 72 73 74 76 75 76 77 77 78 78 78 78 77 77 77 77 77 76 75 76 76 74 75 75 74 73 73 73 73 72 73 72 73 72 72 72 72 72 71 70 71 71 70 70 70
69 70 70 70 72 72 72 72 73 70 82 126 163 187 200 213 229 237 230 191 147 147 163 171 163 143 140 144 149 162 174 165 148 145 173 211 215 200 170 110 129 147 136 107 52 77 99 113 127 136 128 131 120 112 126 115 112 101 87 102 113 127 109 109 131 127 100 95 96 94 112 135 140 149 159 161 162 170 175 164 155 147 147 137 107 91 104 119 112 98 84 70 93 115 133 164 154 125 116 132 141 137 133 123 138 145 144 145 148 143 138 156 165 167 191 173 150 97 62 72 80 73 70 72 72 73 73 74 76 77 77 77 77 77 76 77 77 77 76 77 76 75 74 76 74 74 73 74 73 72 72 72 72 73 72 72 71 71 71 71 71 71 70 70 70 70 70 69
70 70 70 71 71 72 71 72 73 72 97 140 166 180 191 200 211 225 225 192 151 148 158 162 156 140 137 140 144 143 141 138 143 151 165 181 175 185 165 103 113 130 129 58 43 82 92 113 125 121 124 122 107 101 111 111 113 110 101 101 99 116 106 114 130 125 106 106 123 127 127 115 114 125 140 146 152 157 152 146 147 134 123 113 119 128 119 100 83 72 69 78 74 82 107 120 152 159 123 123 137 142 129 122 127 129 137 143 126 122 115 127 119 105 116 105 122 135 112 84 76 75 70 71 72 72 74 74 74 76 76 77 76 76 76 76 76 75 75 75 74 74 74 74 73 73 73 72 72 73 72 72 72 72 71 71 71 71 71 70 71 70 70 69 70 70 70 69
70 70 70 71 72 71 71 71 70 72 108 147 164 172 180 183 195 216 217 181 142 142 145 144 147 140 139 137 126 121 127 134 135 127 125 149 168 196 171 109 113 110 65 33 48 71 82 116 127 115 116 117 100 89 102 122 122 106 85 102 105 90 86 96 102 121 143 130 131 127 106 100 103 115 136 140 135 131 129 133 124 124 143 159 152 116 94 78 64 47 57 76 75 82 99 128 167 174 151 127 148 182 163 136 118 135 153 153 139 144 134 138 127 127 117 79 68 80 106 111 86 74 71 71 71 72 73 73 74 75 76 76 75 75 75 75 75 74 75 75 74 74 74 73 73 73 72 72 72 72 72 71 71 71 71 71 71 70 70 70 70 70 69 70 70 70 69 69
69 70 70 70 71 71 71 71 68 86 123 147 156 156 164 173 189 204 198 159 131 132 128 140 146 131 121 120 119 130 145 138 118 111 135 170 184 180 159 130 114 103 55 41 44 48 70 100 127 113 120 119 89 89 110 106 108 101 79 88 98 80 100 119 133 131 119 117 111 127 124 108 114 108 121 117 119 123 128 143 159 180 172 145 109 80 65 53 59 70 90 95 93 92 115 138 152 161 186 159 159 196 158 124 117 113 121 118 129 112 103 110 106 126 135 104 86 77 69 77 90 83 71 70 71 71 72 72 74 74 74 75 75 74 74 74 75 74 74 74 73 73 73 73 73 72 72 72 72 71 71 72 71 70 71 70 70 69 70 70 70 69 69 69 69 69 69 69
69 70 69 71 71 71 71 70 106 157 163 151 140 141 155 164 173 184 182 154 133 127 131 148 136 110 106 117 125 132 133 121 120 134 145 160 157 152 155 134 87 84 72 62 42 30 41 88 122 109 117 120 100 88 91 96 117 106 73 76 90 110 125 120 116 107 85 97 111 128 144 141 114 92 102 111 117 149 187 189 168 140 124 112 85 84 80 54 89 118 106 88 86 82 105 130 138 139 157 154 147 183 140 105 124 97 84 88 92 94 94 99 91 99 106 82 89 100 95 74 73 83 73 69 70 70 72 73 73 74 74 74 74 73 73 73 73 74 74 73 73 73 73 73 73 71 71 71 71 71 70 71 71 70 71 70 70 69 70 69 69 69 69 69 69 69 69 69
68 69 69 70 70 72 69 96 179 222 204 155 128 135 141 141 152 168 166 147 131 130 144 141 115 96 99 109 111 107 117 132 137 127 120 130 147 160 152 120 79 73 92 60 36 41 43 92 120 113 121 118 88 79 77 78 99 90 82 95 92 110 109 88 97 100 105 101 111 126 151 151 105 104 120 147 178 181 162 134 118 105 113 111 111 134 130 106 105 96 76 76 72 55 74 109 119 122 142 148 120 117 108 88 72 84 84 93 89 92 110 117 121 123 143 99 88 97 93 88 80 80 76 68 70 70 71 71 73 73 74 73 73 74 73 73 72 72 73 73 73 73 73 72 72 72 72 70 70 70 70 70 69 70 70 70 70 69 70 69 69 69 69 69 68 68 68 68
67 68 69 70 71 71 74 133 215 248 216 146 118 120 120 124 138 149 145 136 128 125 120 114 100 88 87 93 99 120 134 125 115 122 128 133 136 139 135 107 83 74 74 38 48 79 69 95 120 118 119 117 93 85 67 57 72 89 94 102 95 88 91 92 107 118 115 104 118 116 132 153 145 139 154 162 147 125 117 118 121 130 148 151 145 129 112 87 71 70 64 56 41 37 65 76 109 147 136 125 102 109 110 101 117 135 121 120 126 117 119 124 125 134 167 132 129 138 120 79 78 85 74 68 69 69 70 71 72 72 72 73 72 72 73 73 72 73 72 72 73 73 72 72 71 71 71 71 70 69 70 69 70 70 69 69 69 69 69 69 69 68 68 68 68 67 67 67
67 68 68 69 70 68 82 144 215 241 203 134 103 102 106 116 126 132 133 123 120 109 99 103 91 82 86 100 110 112 102 102 117 121 110 118 128 135 146 126 87 71 59 31 59 88 86 112 117 122 115 109 90 67 63 74 78 89 89 79 88 94 105 97 120 125 100 112 114 115 146 176 134 95 99 103 89 86 119 135 145 157 162 148 119 95 70 69 65 64 45 39 46 56 96 98 100 151 144 115 114 113 98 99 133 113 135 134 86 71 69 76 86 95 81 57 109 133 141 109 76 72 72 69 68 68 69 70 71 71 72 72 71 72 72 72 72 72 72 72 72 73 72 72 72 71 70 70 70 70 69 69 69 69 68 69 69 69 67 68 68 68 68 67 66 67 67 67
67 67 68 68 68 69 84 131 195 221 188 123 91 91 99 107 117 130 132 119 113 102 98 101 98 91 83 83 88 91 98 108 104 88 91 124 152 165 170 144 85 64 43 51 96 94 92 115 114 110 102 96 76 67 86 93 69 64 74 75 94 92 96 97 113 112 115 122 112 100 100 154 111 78 87 111 105 114 154 165 160 149 139 118 85 57 53 67 66 66 68 82 89 77 81 88 86 111 139 103 137 138 95 104 101 94 151 146 95 85 90 81 69 79 102 83 90 89 78 82 77 65 64 69 67 68 68 68 69 70 71 71 71 71 70 71 71 71 71 72 72 71 72 72 71 71 71 69 69 69 70 69 69 69 69 68 68 67 67 68 68 67 67 67 66 67 67 67
66 67 67 67 67 70 79 110 169 204 174 109 81 84 91 101 114 119 123 119 111 100 93 103 105 83 73 76 86 92 96 95 86 80 93 133 159 156 148 114 74 46 31 76 102 90 79 104 125 97 90 94 90 85 74 68 71 69 85 107 85 87 101 103 115 110 102 81 74 74 69 140 164 122 113 132 150 160 161 152 141 127 111 92 73 52 58 58 70 76 82 79 85 99 89 77 96 76 134 127 120 150 137 141 134 141 147 152 147 137 151 145 115 122 151 173 149 139 129 116 94 63 50 67 68 68 67 69 69 69 69 69 70 69 70 71 70 70 70 70 70 71 71 71 70 70 70 69 70 69 69 68 68 68 67 68 66 67 68 67 67 67 67 66 67 66 66 66
66 67 67 68 67 68 71 92 147 182 150 89 71 81 90 99 99 98 109 104 98 89 86 93 90 81 69 74 79 81 86 88 87 87 84 115 138 118 101 91 64 37 52 84 70 88 87 106 132 104 93 103 96 78 55 60 81 101 114 107 98 98 107 106 89 80 89 86 87 95 94 139 199 158 116 130 134 133 136 130 107 106 116 95 76 95 92 65 65 79 91 104 126 143 123 81 87 127 165 166 168 159 148 157 172 170 133 110 120 120 123 133 131 111 146 161 118 114 136 156 141 123 93 64 66 66 67 67 69 69 69 69 69 69 70 69 70 70 70 70 71 71 71 71 70 70 69 69 69 68 68 68 68 68 67 68 67 67 67 67 66 66 66 66 65 66 66 66
66 66 67 68 67 67 66 79 124 154 123 75 69 80 84 86 84 92 112 97 80 81 80 77 73 68 57 62 71 79 88 92 77 67 67 94 119 117 107 85 66 59 78 84 61 84 105 88 108 101 87 100 88 78 75 75 86 102 107 84 111 111 95 77 68 76 85 89 84 96 98 107 169 176 123 120 111 103 101 103 100 105 116 118 105 102 92 58 57 111 121 150 124 86 104 140 138 155 153 133 138 140 134 141 145 144 108 86 88 107 127 137 137 159 194 168 126 107 104 104 96 115 115 82 67 65 66 67 68 68 68 68 68 69 69 69 69 70 69 70 71 70 70 71 70 70 69 68 68 68 68 68 68 67 68 66 67 67 66 66 66 66 66 66 65 65 65 65
66 67 67 67 67 66 62 70 105 130 106 71 65 70 72 78 84 96 114 96 79 83 80 72 58 51 55 66 76 84 79 70 65 67 71 99 132 123 100 86 71 76 85 86 89 80 97 90 102 114 100 107 94 80 84 84 80 89 85 80 94 78 66 88 95 81 78 78 70 81 82 84 99 115 162 143 97 89 82 96 118 113 112 101 102 109 107 73 81 103 80 84 106 111 141 122 103 104 92 99 110 135 141 141 160 172 156 129 127 146 163 169 132 150 164 164 135 94 89 88 78 88 87 76 69 65 66 66 67 68 68 68 67 68 68 69 69 69 69 69 70 69 69 70 69 68 69 68 68 68 68 67 68 68 66 66 66 66 66 66 66 65 65 65 65 65 65 65
66 67 68 67 67 65 57 56 82 104 91 67 59 62 69 79 86 96 98 81 81 87 76 64 57 58 57 57 63 66 70 82 77 65 70 103 124 106 106 100 84 97 88 75 100 80 90 94 105 123 110 118 104 77 76 86 72 61 77 85 86 88 90 105 96 83 67 67 66 85 83 81 71 73 128 156 123 116 110 121 109 91 108 114 128 131 145 116 90 83 114 170 183 137 99 72 60 105 101 95 133 151 173 184 204 214 190 159 142 125 97 82 80 87 97 104 91 78 89 95 88 93 91 82 77 66 65 66 67 67 67 67 67 68 69 68 68 69 69 69 69 69 69 69 69 68 68 67 67 68 68 68 67 67 67 67 66 66 66 66 66 65 65 65 65 65 65 65
66 68 68 67 67 66 55 44 56 79 78 63 59 65 69 73 74 80 78 68 79 78 64 66 61 57 59 61 72 84 85 79 62 54 61 83 108 100 122 115 91 86 85 58 69 77 91 91 93 100 108 121 117 78 57 55 70 88 96 90 90 94 91 84 81 65 71 74 76 72 66 67 69 79 105 162 165 149 134 118 105 115 127 133 159 149 127 114 143 184 189 174 132 88 74 82 69 80 74 104 166 180 199 205 199 183 148 131 148 151 130 98 100 120 112 104 94 77 86 119 121 108 94 77 61 64 65 66 66 66 67 67 67 67 68 68 68 69 69 69 69 68 68 69 68 68 67 68 67 68 68 68 67 67 67 66 66 65 66 65 65 65 65 65 65 64 66 65
67 67 67 67 67 67 56 38 43 64 69 63 65 68 66 62 56 58 69 68 67 59 54 64 65 64 70 71 73 76 65 59 57 60 59 72 95 100 122 114 73 54 61 44 37 69 100 107 116 120 112 120 108 89 83 99 111 99 78 69 71 66 59 59 71 62 68 67 59 58 63 62 74 84 105 131 156 171 150 136 140 121 124 148 139 132 147 146 137 128 112 106 80 68 76 75 74 85 83 164 202 205 188 180 172 161 157 157 165 164 158 152 125 107 113 119 125 123 148 174 152 153 126 107 81 80 66 63 66 65 66 66 66 67 67 67 67 68 68 68 68 68 68 69 68 67 67 68 67 67 67 67 67 67 67 67 66 66 66 65 65 65 65 65 64 65 65 64
67 67 66 67 67 67 56 38 37 55 64 61 63 60 53 50 47 47 57 53 48 48 48 60 67 66 64 62 63 68 64 65 71 64 65 86 98 105 119 109 75 34 35 42 40 66 95 109 128 142 119 107 124 138 159 137 81 63 51 61 68 63 66 58 64 57 53 57 63 78 79 74 78 86 101 129 143 163 180 167 169 140 129 141 141 154 147 93 74 59 50 62 65 73 81 95 108 114 89 130 154 159 181 204 204 202 176 143 144 149 151 165 181 179 188 193 193 186 162 145 131 128 124 134 151 105 79 64 63 66 65 65 66 66 67 67 67 67 66 67 68 68 68 67 68 67 67 67 67 67 67 67 66 66 66 66 65 66 66 65 65 64 64 65 64 64 65 64
67 67 68 67 67 68 61 43 36 46 56 57 56 51 44 44 48 48 53 45 40 47 52 66 73 72 67 65 78 79 72 82 75 66 61 74 93 101 109 109 75 26 23 32 45 66 73 107 121 118 114 126 167 163 135 79 55 59 56 55 54 55 57 57 57 64 83 80 80 78 63 73 83 91 123 156 179 183 199 176 150 155 161 169 164 139 91 61 53 66 101 96 84 82 95 133 103 86 89 121 160 188 193 185 164 172 148 149 157 163 168 168 165 173 181 190 133 90 91 100 105 85 72 89 130 100 118 132 75 60 66 65 65 65 66 67 66 67 66 67 67 68 68 68 68 67 68 67 68 67 67 66 67 67 67 67 65 66 65 65 64 65 64 64 63 64 64 64
67 67 67 68 67 68 65 49 35 34 40 45 48 46 40 42 45 44 46 41 37 47 61 76 81 68 65 70 77 73 67 68 60 60 61 71 101 111 113 102 63 34 29 26 42 45 61 99 92 108 146 138 138 134 90 51 54 48 49 46 50 58 60 60 58 83 85 74 65 59 60 73 87 106 170 182 175 163 155 157 171 188 172 120 113 108 66 55 78 100 114 102 96 76 78 121 124 146 153 143 151 131 131 163 160 179 166 157 154 151 147 138 128 142 128 120 72 56 76 84 71 83 97 94 112 125 155 215 125 56 65 64 65 65 66 66 67 66 67 66 67 66 67 67 67 67 67 67 67 67 68 67 68 69 67 67 66 66 65 65 65 64 64 64 64 64 64 65
67 67 68 68 68 68 67 58 42 29 29 36 42 41 37 39 38 34 34 38 40 50 66 74 71 60 55 54 58 58 55 59 60 61 61 73 102 97 81 64 52 38 27 46 46 33 46 61 78 126 156 135 104 108 98 67 52 48 37 53 80 77 72 56 41 55 53 53 86 75 87 125 115 132 167 144 139 132 145 156 178 138 89 69 64 66 63 95 102 67 48 43 50 66 107 148 148 130 106 117 125 124 183 194 172 155 132 119 133 142 129 115 118 102 53 51 60 72 66 72 71 109 138 128 140 172 213 208 159 74 61 67 64 64 64 65 65 65 66 66 66 66 67 68 67 67 66 67 67 67 68 68 64 61 63 67 66 65 66 65 65 64 65 64 65 64 64 65
67 67 67 68 67 68 67 66 54 38 29 29 35 36 36 38 35 31 32 41 49 53 59 66 66 59 49 44 51 56 53 58 58 54 49 49 64 70 63 53 47 30 39 57 37 30 26 53 102 115 109 122 103 109 98 70 59 55 49 54 69 65 76 72 54 77 73 62 77 70 115 136 84 61 90 135 141 102 87 119 123 84 61 71 82 96 109 105 80 38 27 46 86 106 112 106 84 71 102 152 160 167 169 156 140 111 90 102 110 91 87 75 78 82 59 64 66 65 64 72 96 142 162 185 218 222 199 177 143 60 55 62 64 65 65 65 65 65 66 66 67 66 67 67 67 66 67 67 67 68 68 65 74 89 76 64 66 66 66 66 65 65 64 65 64 64 65 65
66 67 68 68 68 68 68 68 64 51 36 28 29 34 36 35 32 32 31 40 48 48 54 62 69 58 47 45 49 56 51 46 40 37 38 38 49 58 54 59 53 39 46 43 28 30 34 70 88 85 85 116 112 107 101 73 65 53 33 41 63 86 117 95 78 75 63 67 75 78 58 60 87 92 114 126 118 110 103 110 102 88 110 114 135 128 105 68 35 46 80 102 102 75 66 100 112 128 140 146 145 131 118 128 113 77 66 74 65 62 78 70 56 56 58 53 91 116 116 152 173 183 213 231 234 218 181 145 92 92 90 74 61 58 62 66 66 65 66 66 66 66 66 66 66 66 66 68 67 64 64 71 129 163 95 68 69 66 66 65 65 65 65 64 64 64 64 65
66 67 67 68 68 69 69 69 68 62 48 37 32 32 32 31 31 32 31 34 38 36 43 54 59 44 37 38 41 46 42 36 34 33 33 37 49 56 57 60 48 39 30 31 31 31 41 50 63 74 85 99 114 98 81 64 60 55 43 78 97 74 86 55 67 107 76 52 45 45 86 137 126 101 81 68 80 92 103 86 95 102 124 126 110 76 55 56 64 89 83 52 51 46 73 123 111 119 128 130 127 114 102 97 65 46 52 75 87 72 61 51 56 81 108 110 133 147 186 205 211 216 222 221 215 169 101 68 110 181 199 200 158 100 70 59 61 66 66 65 66 66 66 66 68 67 63 60 64 84 107 103 120 91 55 70 67 65 66 66 65 65 65 64 65 65 65 65
65 66 67 68 68 69 69 69 69 68 60 50 41 33 28 27 28 28 27 30 34 33 37 49 54 40 27 29 33 36 35 33 32 32 32 32 46 62 58 49 48 45 24 26 29 39 38 27 36 40 56 76 78 53 60 79 92 86 42 60 63 36 56 97 109 79 80 94 109 115 126 94 48 29 29 44 50 31 36 69 121 104 68 63 62 61 87 104 103 75 32 40 60 63 80 94 93 99 113 134 121 95 74 59 54 50 51 60 63 57 67 70 92 113 125 127 131 159 212 232 241 221 183 143 109 73 66 118 200 214 205 215 209 180 164 128 84 58 65 67 67 68 68 66 62 60 68 99 141 160 147 111 86 67 60 57 62 66 65 65 65 65 65 65 65 65 65 65
66 67 67 67 68 69 69 69 69 68 68 63 53 37 26 23 23 22 22 28 32 31 36 45 44 35 29 29 32 36 35 32 35 38 35 32 46 53 50 46 50 45 24 23 35 32 25 19 20 24 25 47 43 52 71 65 57 45 52 83 65 25 57 88 59 91 140 140 108 70 46 32 31 36 40 47 54 73 57 50 65 50 49 77 100 113 100 59 47 59 57 61 60 63 82 103 108 86 94 100 80 75 86 71 53 54 55 63 78 98 124 124 109 99 119 151 196 233 245 218 180 133 89 69 64 79 156 234 239 238 193 166 224 213 172 176 162 100 67 63 67 63 58 62 75 106 157 184 177 158 145 130 82 64 64 60 62 66 65 65 65 65 65 65 65 65 65 66
66 66 66 67 67 68 68 69 69 68 68 69 63 44 27 21 20 19 18 25 29 28 30 35 36 31 29 25 28 33 38 40 46 43 35 34 43 47 47 43 44 32 14 24 32 19 18 17 21 24 21 39 59 47 35 28 25 36 98 110 85 50 60 81 103 104 89 81 49 23 27 40 43 48 67 70 70 60 45 41 48 69 101 126 111 74 39 35 49 59 70 53 56 55 73 105 85 69 58 66 84 74 69 68 56 72 88 103 115 125 125 111 150 197 213 225 220 199 178 143 106 83 70 62 62 140 217 222 220 207 214 166 196 194 150 161 158 147 114 82 58 63 91 131 170 185 183 169 160 160 173 164 101 70 70 66 69 69 69 69 68 67 66 65 66 65 64 65
64 65 66 66 66 68 68 69 68 69 68 68 67 54 33 23 21 20 18 22 31 34 30 32 36 29 23 22 25 32 40 44 44 38 34 34 42 48 42 36 38 34 18 15 14 16 14 13 16 21 23 35 43 25 21 32 44 77 100 89 95 96 83 65 54 35 25 51 49 31 42 60 58 58 64 45 32 37 57 82 94 98 95 62 42 38 51 65 62 51 54 63 63 50 63 71 54 56 57 56 70 67 60 60 77 99 113 128 129 120 127 150 224 238 209 203 162 130 108 87 76 67 65 94 82 159 191 179 220 203 175 180 204 191 175 202 193 132 138 145 129 155 187 194 179 169 162 167 176 181 156 102 68 62 61 60 59 59 59 60 62 64 65 66 67 66 65 65
65 66 66 65 66 67 67 67 68 69 69 68 68 62 44 28 22 22 20 21 30 33 30 33 36 33 28 25 29 32 36 36 33 30 30 31 38 40 36 39 50 45 23 14 19 20 13 12 18 22 22 26 26 31 36 32 36 76 93 64 56 39 22 15 12 20 30 38 62 70 48 43 43 27 31 42 72 100 103 87 75 50 45 45 57 66 69 65 58 48 59 97 97 53 46 49 43 44 45 46 55 63 68 77 111 134 123 117 135 162 209 208 195 192 171 126 93 70 69 65 64 43 81 186 202 220 227 202 186 206 195 183 205 194 215 206 222 180 166 190 198 193 180 167 165 166 167 175 174 143 92 72 74 85 89 86 89 97 102 97 84 72 66 63 60 61 64 65
64 65 66 66 66 66 67 67 68 68 68 68 68 66 55 36 22 21 19 18 24 30 31 34 39 39 35 30 29 30 29 27 26 27 30 33 37 51 54 51 55 47 28 18 21 16 13 14 19 21 21 25 29 35 58 61 42 38 40 24 10 9 16 29 40 65 92 84 64 56 28 25 55 70 81 96 106 87 65 43 43 53 54 61 66 68 63 63 72 57 72 89 72 54 46 47 52 48 50 59 68 76 89 105 131 127 127 172 209 227 225 203 165 128 72 52 64 60 45 52 104 100 73 156 219 211 192 215 149 185 203 166 186 207 222 207 200 196 188 184 177 167 162 167 168 170 173 175 177 177 180 188 179 193 195 185 192 196 200 184 160 137 107 87 106 121 87 65
64 64 65 66 66 66 66 67 67 68 68 67 67 67 63 48 30 19 18 18 22 29 34 39 44 43 39 35 37 36 34 36 37 35 37 37 43 50 52 52 52 50 37 18 15 17 19 16 20 22 27 33 62 66 38 34 24 11 18 30 54 67 60 61 82 71 58 47 60 48 46 72 94 102 84 61 42 36 44 64 66 68 61 77 83 71 70 71 70 57 54 44 46 50 50 53 56 58 62 70 89 104 108 119 123 136 203 227 219 213 176 120 77 67 51 55 49 31 20 45 128 183 121 80 130 168 167 167 190 171 178 212 195 181 195 189 186 178 173 158 161 165 169 171 173 173 173 190 201 210 212 205 201 191 186 185 185 184 181 175 169 161 143 124 143 149 98 66
64 64 65 65 66 67 67 66 67 67 67 67 66 66 67 59 43 26 18 17 20 27 35 43 48 47 37 32 38 38 37 42 42 30 26 25 38 51 52 52 48 43 46 23 17 22 24 28 31 44 50 33 29 26 11 45 89 72 45 50 95 79 41 23 28 33 41 59 101 108 74 72 62 49 40 31 43 53 57 60 70 76 65 74 58 45 74 82 56 42 37 38 47 40 45 66 69 72 85 102 91 98 114 117 150 217 226 193 172 134 83 35 27 50 43 30 51 71 37 35 96 162 172 148 132 137 187 162 148 170 155 191 184 164 170 167 170 166 161 160 164 166 173 180 174 164 167 174 172 169 160 156 154 147 149 152 152 159 162 164 166 160 150 130 110 92 74 62
64 64 65 66 66 67 67 66 67 66 67 66 66 66 66 65 57 40 25 17 19 27 34 40 45 47 34 27 32 31 31 35 35 26 23 26 35 43 39 43 48 48 47 23 21 27 30 46 46 34 24 27 26 32 41 82 78 44 18 20 41 44 38 39 58 77 88 82 74 72 54 42 33 36 71 74 62 58 59 57 64 63 47 40 41 44 49 48 41 45 47 63 68 57 78 75 91 110 97 101 98 97 140 184 211 196 154 122 93 57 44 30 17 24 14 18 48 92 111 62 44 88 114 199 199 130 136 191 138 162 155 135 156 145 157 155 153 159 162 165 167 172 178 166 146 148 153 153 151 149 153 153 150 150 159 164 165 165 163 161 161 162 158 140 116 88 61 52
63 64 65 65 66 66 67 66 66 66 67 67 66 66 66 66 66 56 42 28 21 28 36 41 45 46 37 32 31 31 32 31 33 31 30 31 34 44 49 53 47 38 37 27 16 23 25 17 15 14 26 65 45 31 27 39 18 11 20 49 100 107 81 63 71 61 59 62 42 34 31 30 31 43 63 81 71 65 56 48 45 47 46 46 45 45 41 43 48 44 47 63 78 85 91 93 106 111 107 113 117 168 210 196 158 121 97 56 38 42 37 24 21 29 25 16 31 73 125 131 67 46 82 144 180 148 90 148 163 140 146 122 136 141 142 145 146 157 163 169 176 178 159 138 132 141 148 152 158 164 162 157 146 132 130 126 117 103 92 88 87 91 97 100 102 81 53 53
64 64 64 65 65 66 66 66 67 67 66 66 66 67 67 65 66 65 59 49 36 33 41 41 38 38 33 30 29 31 37 39 43 41 36 32 35 44 45 40 32 28 35 33 19 13 11 14 19 25 24 42 36 19 27 16 22 25 47 47 80 81 51 39 29 23 31 48 36 31 32 28 33 36 55 74 66 58 50 45 45 44 43 40 45 46 45 46 39 38 55 62 62 76 88 88 93 105 107 158 185 204 172 141 120 84 56 30 29 24 19 19 23 33 35 27 24 43 92 132 121 84 49 73 148 145 77 100 150 132 119 117 119 121 131 137 145 155 163 176 173 142 119 149 148 142 161 165 159 144 123 102 86 73 67 64 62 61 61 61 60 60 60 63 70 66 59 62
63 63 64 65 65 65 66 66 66 66 66 66 66 66 66 65 65 65 65 62 54 47 45 40 35 34 33 31 29 29 33 35 37 34 29 28 28 33 37 38 44 40 35 30 16 8 8 14 17 15 14 16 35 46 36 29 27 20 26 18 29 27 18 14 13 18 32 47 48 58 48 41 39 37 34 40 48 48 51 43 35 37 40 40 42 46 40 35 43 49 66 57 55 95 104 92 87 113 181 189 157 141 123 98 75 49 27 17 13 11 15 17 23 36 47 42 32 28 41 72 114 131 67 73 111 140 94 75 103 105 116 139 106 107 118 129 145 154 164 156 94 83 114 122 154 151 134 113 91 73 64 60 60 62 65 65 65 66 66 65 65 66 66 64 63 64 65 64
62 62 64 64 65 65 66 66 65 66 67 67 66 67 66 66 66 65 65 65 64 60 49 37 34 38 39 35 31 29 32 32 34 35 30 32 33 45 55 48 46 40 33 27 13 7 7 7 9 11 17 22 34 34 17 23 29 15 12 13 15 13 16 23 30 34 49 60 58 55 38 32 27 31 40 44 46 40 32 29 29 38 41 44 60 58 27 42 63 71 85 74 82 84 93 139 175 191 185 131 92 67 70 47 32 20 16 19 20 15 13 17 17 26 47 46 55 68 67 88 88 138 116 111 111 101 119 109 81 73 88 106 93 99 108 122 135 141 141 80 57 81 94 110 111 137 82 56 60 61 63 64 65 64 65 64 64 64 64 63 63 64 64 63 64 64 64 64
62 62 63 63 64 66 65 65 65 66 66 66 67 67 67 66 65 66 66 65 65 66 55 35 30 36 35 31 28 29 33 34 36 37 35 32 27 39 49 40 34 29 24 20 12 7 9 9 11 18 21 22 23 20 17 20 26 17 14 20 24 37 39 44 45 38 41 54 51 38 40 31 25 29 32 43 50 35 36 37 36 38 35 40 55 58 62 75 71 96 94 92 77 95 126 157 169 123 85 63 55 49 36 24 17 12 12 15 17 16 19 24 18 15 25 31 46 94 107 121 95 100 127 92 116 92 82 116 110 89 58 62 75 85 93 102 111 111 71 49 92 74 73 110 102 126 92 60 64 65 63 63 62 63 63 63 63 64 64 63 64 64 64 63 64 64 64 65
62 62 63 64 64 65 65 65 66 66 66 66 66 66 66 66 66 66 65 66 65 66 61 42 31 33 31 23 22 25 26 25 24 25 24 22 19 25 27 24 24 20 16 18 15 14 17 16 17 18 17 18 23 24 21 21 25 18 28 27 18 28 32 34 26 21 26 38 48 37 45 31 19 18 18 33 50 46 34 27 38 41 41 48 61 59 68 74 83 84 68 69 96 161 153 120 123 72 44 46 34 22 10 11 15 16 11 12 15 15 18 26 26 22 16 18 21 38 61 77 84 63 70 56 91 115 73 91 97 102 68 51 63 69 78 79 80 67 49 54 86 77 60 96 108 123 115 72 59 63 63 62 62 62 63 63 63 63 63 64 64 64 64 64 64 64 64 64
62 62 62 64 64 65 65 65 66 66 66 66 66 67 66 66 66 66 66 65 66 66 64 49 33 32 28 21 19 19 20 19 18 18 16 16 16 20 23 24 25 22 20 20 15 17 17 15 15 10 15 20 24 36 29 32 28 17 28 21 12 15 18 33 23 21 29 28 26 20 21 22 23 25 29 30 33 34 31 37 46 53 75 74 75 78 74 70 67 91 116 147 168 144 113 90 77 59 38 21 9 6 7 8 9 9 6 13 22 19 14 20 29 29 20 21 32 23 20 24 46 79 83 54 56 75 82 78 92 103 100 60 48 54 51 54 53 38 46 66 66 77 59 93 74 82 105 85 59 62 62 63 62 62 63 63 63 63 63 63 64 63 63 64 64 64 64 64
62 62 63 63 64 65 65 65 65 66 66 65 66 66 66 66 66 66 66 66 66 65 65 57 39 29 26 21 17 15 17 17 15 14 13 13 13 19 23 23 23 19 15 16 16 10 8 11 14 12 20 20 23 31 26 24 20 17 16 26 20 21 17 15 15 15 20 18 16 20 24 25 30 27 25 27 28 31 35 40 48 64 71 72 59 68 74 71 99 175 171 143 118 94 76 54 46 27 8 2 4 7 9 9 7 7 5 6 12 17 16 13 17 24 18 14 31 40 31 20 19 60 103 84 80 54 70 50 58 74 80 81 53 66 52 39 56 46 33 57 71 70 50 67 78 78 101 88 62 62 62 62 63 62 62 63 63 63 64 63 63 63 64 63 64 64 64 64
62 62 62 63 64 64 64 65 65 65 66 66 66 66 66 66 66 66 66 66 66 65 65 62 48 31 24 21 16 13 14 13 10 10 10 10 10 15 21 22 24 21 15 18 15 10 8 10 15 14 15 12 15 17 14 16 15 16 13 15 12 12 11 13 14 13 16 23 24 23 35 22 22 33 34 27 33 38 43 51 57 67 81 95 96 84 103 153 164 130 110 90 75 63 45 30 12 3 3 6 6 5 4 5 5 5 7 7 5 8 11 12 11 8 12 16 16 28 37 30 15 12 52 64 80 60 59 47 36 47 59 66 48 75 66 36 62 58 47 40 67 62 56 59 82 62 78 86 62 61 62 62 62 62 63 62 63 63 63 63 64 64 63 64 64 64 64 64
61 61 62 63 63 64 64 65 65 65 66 66 66 66 66 65 65 66 66 66 66 66 66 65 57 38 24 21 17 14 12 12 10 11 12 10 11 18 26 28 28 24 20 16 10 12 10 10 13 10 10 11 14 14 14 12 10 11 10 8 13 17 25 17 18 18 19 20 17 16 19 27 29 34 48 55 57 56 55 61 89 105 109 106 75 100 153 135 97 79 79 61 52 39 19 4 4 5 6 6 7 7 5 3 4 4 6 9 7 5 5 8 9 6 8 18 19 11 18 25 21 15 16 29 52 47 55 63 40 45 65 69 60 67 53 37 62 48 45 45 55 40 77 73 52 50 62 69 61 62 61 62 62 62 62 62 63 63 63 63 64 63 63 64 64 64 64 64
61 61 62 63 64 64 65 64 65 65 65 66 66 66 65 65 65 65 65 65 66 65 65 66 62 49 31 19 16 15 14 14 13 12 11 11 13 16 20 22 19 16 16 16 15 15 10 7 8 8 10 10 7 8 8 9 11 12 11 11 15 15 16 12 12 12 11 10 11 18 21 28 32 30 50 61 54 67 74 71 88 85 88 124 122 124 109 86 76 64 49 35 24 8 2 6 6 6 6 6 5 7 5 3 5 6 6 7 7 5 6 8 10 10 5 8 14 12 10 9 20 27 17 16 30 50 52 46 47 50 49 48 53 60 50 32 58 55 48 55 61 35 63 71 44 45 61 66 60 61 61 62 62 62 62 63 63 63 63 63 63 63 64 64 64 64 64 64
61 61 62 63 64 64 64 64 65 65 65 66 65 66 66 64 65 65 65 64 66 66 65 65 65 58 42 23 14 11 12 13 13 13 12 11 11 9 13 17 18 17 17 17 14 12 9 6 5 7 6 5 7 8 8 8 10 11 10 10 8 8 7 7 10 14 14 13 23 26 24 29 42 60 62 56 65 86 83 83 97 104 134 134 107 81 70 58 52 37 23 13 3 5 6 6 6 7 7 6 5 5 6 9 10 10 9 7 5 7 8 11 10 9 9 8 10 10 9 9 12 20 15 21 22 24 35 32 42 57 52 52 50 46 48 34 55 67 60 41 57 38 40 47 39 37 42 58 61 61 61 61 62 62 62 63 63 63 63 63 63 63 63 64 64 64 64 64
61 61 62 62 63 64 65 65 65 65 65 65 65 64 64 63 64 64 64 65 65 65 65 66 66 64 54 35 17 10 9 9 10 12 10 9 8 8 14 16 15 14 11 10 8 6 6 7 5 4 5 5 6 7 7 7 8 9 12 14 11 11 15 17 18 16 16 33 50 37 35 58 66 66 59 66 78 91 107 123 118 99 84 64 57 52 41 29 21 10 5 4 7 7 4 5 7 8 9 11 8 6 10 15 15 15 17 12 7 15 28 25 13 11 12 13 20 17 12 7 8 10 10 17 21 19 25 30 34 39 35 38 52 54 56 31 64 65 39 49 50 35 43 26 27 32 35 48 61 61 61 61 61 61 61 62 63 63 63 63 64 63 64 63 64 64 64 64
60 61 61 63 63 64 64 64 64 64 65 65 65 64 63 63 63 63 64 64 65 65 66 66 65 65 62 48 27 13 8 7 8 7 6 5 5 5 8 10 10 11 11 9 7 6 4 6 6 5 6 7 7 8 9 11 10 12 14 15 16 18 27 28 23 30 45 44 46 61 69 76 45 47 64 77 99 99 96 80 58 48 51 52 41 31 17 8 4 3 3 4 4 5 4 6 9 10 10 12 9 9 14 16 23 33 23 18 10 24 46 32 21 12 31 64 35 26 16 16 32 21 13 11 13 15 19 23 22 27 30 36 38 54 61 56 61 58 56 58 39 45 35 23 26 26 30 52 61 60 61 61 62 61 62 61 62 63 63 63 63 64 64 63 64 63 63 64
60 61 61 62 63 63 64 64 64 64 63 65 64 63 63 63 63 64 64 64 65 65 65 65 66 65 65 59 42 22 10 7 7 5 4 4 3 3 4 8 10 10 9 8 6 5 4 3 7 7 5 6 6 5 9 12 14 20 24 47 72 41 35 36 37 57 65 45 31 49 55 46 50 65 88 92 82 67 50 44 45 41 35 25 15 8 3 3 3 4 4 5 5 6 6 7 9 11 12 10 15 18 14 16 29 47 52 22 24 32 33 31 26 23 49 56 34 32 23 28 46 30 16 11 16 13 14 16 22 22 24 39 42 47 53 63 67 65 62 60 60 37 23 28 26 19 36 60 60 61 61 61 62 62 61 63 62 63 63 63 63 63 64 63 64 64 64 64
59 60 61 62 62 63 63 64 64 64 64 65 64 64 64 63 63 64 65 64 65 65 65 65 65 66 66 66 55 37 18 9 7 6 5 4 3 3 2 5 6 6 6 5 5 5 4 3 5 8 9 11 18 24 22 29 36 41 43 69 76 37 27 28 37 54 42 46 48 50 62 66 74 68 61 58 48 40 37 34 29 19 9 5 2 2 2 4 4 4 6 7 8 6 7 11 13 12 19 28 24 30 33 38 33 41 46 36 63 46 40 42 56 77 46 46 42 28 22 15 29 28 18 12 17 17 16 12 15 18 17 26 35 41 43 39 51 60 63 77 84 29 15 20 19 16 42 62 59 61 61 61 62 62 61 62 63 63 63 63 63 64 64 64 63 63 63 63
59 60 61 61 62 62 63 63 63 63 64 64 63 63 64 64 63 64 64 64 64 65 65 65 66 66 66 66 65 55 36 18 8 6 5 4 4 3 2 3 3 5 5 5 5 4 4 4 3 7 16 26 39 49 34 28 47 47 39 42 50 52 71 74 103 112 75 80 71 62 54 50 44 39 36 35 31 23 20 14 6 1 2 3 3 3 5 6 7 10 12 12 11 8 12 20 28 44 32 26 34 53 72 80 79 72 66 54 65 105 93 62 97 78 50 77 63 34 37 50 40 38 18 12 21 15 10 11 10 12 15 16 22 36 29 34 46 54 60 85 125 78 6 10 10 20 52 62 60 61 60 61 61 61 62 62 62 63 63 64 63 64 63 64 64 64 64 64
60 60 60 61 62 62 63 63 63 64 64 64 64 64 64 64 64 64 64 65 64 65 66 66 66 66 66 66 66 65 55 36 18 8 5 5 4 3 3 3 3 4 5 5 5 4 4 4 2 9 25 29 37 49 41 44 68 66 61 60 62 66 76 72 70 59 40 29 27 29 28 29 29 25 21 18 13 8 3 1 1 2 2 3 4 7 12 10 10 17 26 24 12 17 35 44 49 41 53 40 61 92 112 141 107 73 62 59 86 146 110 96 138 88 62 88 83 47 59 103 75 79 102 40 34 32 12 14 14 11 16 26 24 25 27 41 45 52 56 79 122 132 67 10 11 43 62 59 61 61 61 61 61 62 62 62 62 63 63 63 63 64 64 64 65 65 64 64
61 61 61 61 61 63 62 63 64 64 65 65 64 65 64 65 64 65 65 66 66 67 66 67 66 67 67 67 67 66 65 56 39 21 9 5 4 3 2 2 3 3 4 4 4 3 3 3 1 9 20 15 20 16 15 21 19 20 22 21 18 21 21 19 17 19 25 25 26 26 22 18 12 9 5 3 2 0 1 2 2 2 3 4 7 11 18 18 23 21 29 29 24 36 56 93 85 95 75 64 70 94 118 131 150 117 70 83 129 155 132 147 135 80 107 155 114 75 94 140 156 116 111 87 40 82 82 37 37 22 15 46 39 23 19 24 28 41 54 67 76 70 69 40 30 62 61 60 61 61 62 62 62 63 62 63 63 63 64 64 64 64 65 65 65 65 65 65
61 61 62 62 62 62 63 64 65 65 65 65 64 64 65 65 65 65 66 66 67 66 67 66 66 67 67 66 66 67 66 66 59 44 27 14 6 4 3 2 2 3 3 3 3 3 3 2 2 3 4 4 5 6 9 7 9 11 11 13 15 17 21 25 25 25 26 19 13 9 5 3 1 0 1 2 2 2 2 2 2 4 7 10 12 18 21 41 52 78 51 28 54 91 94 92 98 115 73 71 117 127 127 127 160 134 83 98 166 198 177 122 111 92 140 167 125 100 65 107 162 109 109 137 73 96 152 82 60 74 40 59 55 36 23 15 14 14 25 47 53 44 36 48 62 63 62 62 62 63 63 63 63 63 65 65 65 65 67 66 67 66 66 66 66 66 67 67
61 62 62 63 63 64 64 64 64 65 65 65 66 65 65 66 66 66 67 66 66 67 67 67 68 67 67 67 67 67 67 67 67 62 51 37 23 11 6 3 2 3 3 3 4 4 4 4 3 4 3 3 3 2 3 7 9 11 11 13 11 12 14 14 10 7 5 3 2 1 2 2 3 3 2 3 4 3 4 5 7 11 15 21 28 40 44 57 94 138 72 68 107 161 131 116 124 68 66 115 150 192 152 161 213 166 106 100 165 194 155 164 176 126 199 177 144 116 86 160 180 134 133 157 111 112 157 118 88 90 88 69 67 52 41 24 14 10 6 7 27 46 51 61 63 62 63 63 63 64 64 64 64 64 66 66 66 66 67 67 67 67 67 67 67 67 67 68
63 64 64 65 64 65 65 66 66 67 67 66 67 66 67 67 68 68 68 67 67 68 67 67 68 68 67 67 67 66 67 67 68 68 66 61 50 37 23 12 5 3 3 5 6 6 6 6 4 4 3 2 2 1 1 2 2 3 2 2 2 2 1 0 0 1 1 2 2 3 3 3 3 3 4 4 6 5 6 10 13 16 21 30 40 51 62 72 99 93 85 145 177 151 168 162 165 107 96 166 179 196 174 206 224 199 146 146 195 200 178 199 179 131 184 153 149 138 114 178 161 148 128 138 123 102 107 114 108 81 79 66 51 52 43 31 18 14 10 7 5 22 60 67 63 65 65 65 65 66 66 65 65 66 66 66 67 67 66 67 67 68 68 67 67 69 68 69
65 65 65 66 67 67 68 69 69 69 69 69 69 69 70 70 70 70 70 69 69 70 69 70 70 69 69 69 69 68 69 69 70 70 69 70 67 62 51 38 26 15 10 6 4 4 3 3 3 2 1 1 1 1 1 1 1 0 0 0 0 0 1 3 1 1 1 2 1 2 2 3 3 3 3 4 5 8 10 12 14 18 25 32 35 48 61 71 78 87 107 128 141 148 208 190 132 106 141 169 203 197 170 195 180 164 159 171 155 153 161 153 147 130 132 143 132 132 117 129 134 126 129 110 114 95 82 83 86 73 62 64 45 32 30 24 19 14 9 10 10 30 65 67 67 69 69 68 68 69 68 68 67 68 69 69 70 69 68 69 70 70 70 70 70 71 70 71
67 67 67 68 69 69 70 71 71 71 71 72 72 71 71 72 72 71 71 71 71 71 71 71 71 71 71 70 70 70 70 70 70 69 69 69 69 69 67 61 53 43 33 23 15 10 6 2 2 1 1 1 1 1 1 1 1 1 2 3 4 10 17 21 9 1 1 1 2 2 2 2 3 3 3 4 4 6 9 13 16 21 25 31 36 41 48 53 59 74 84 81 102 152 171 176 159 177 181 168 176 169 176 170 162 163 160 159 157 157 145 130 128 133 120 131 120 133 132 121 130 115 107 92 76 65 56 47 47 45 42 40 27 17 17 16 16 14 11 8 14 59 72 69 70 69 69 70 70 71 70 70 70 71 72 73 73 72 71 70 72 72 72 72 73 72 72 71
69 70 71 71 73 74 72 74 75 74 73 72 71 71 71 72 71 70 71 72 72 72 72 70 69 72 71 70 71 71 69 70 70 68 66 65 64 62 61 62 61 57 50 43 35 26 18 9 4 2 1 1 1 1 1 1 1 1 4 8 15 22 29 33 15 1 1 1 1 1 2 2 2 2 3 3 4 5 9 10 14 17 19 22 28 34 27 31 37 45 53 63 74 95 108 114 130 139 134 133 129 126 126 119 120 119 113 113 119 131 120 103 97 113 109 105 100 95 96 87 83 77 70 63 56 53 50 43 36 32 32 28 16 9 9 11 9 9 10 6 22 70 73 74 75 73 72 72 72 73 73 73 73 73 75 75 74 75 73 73 73 73 74 73 73 72 71 72
74 76 76 75 75 76 76 73 75 75 78 75 72 76 74 73 71 71 71 70 70 72 73 71 69 71 70 70 66 63 59 59 57 55 52 48 47 45 45 42 40 39 36 34 31 25 19 13 8 6 4 2 2 1 1 1 1 2 5 9 13 17 21 23 12 2 1 1 1 2 2 2 2 2 2 3 3 4 6 7 8 9 11 13 16 19 19 19 18 20 25 28 34 47 61 75 76 72 67 69 68 66 66 65 74 82 73 74 83 91 82 79 75 84 91 90 84 76 73 69 65 64 61 59 51 45 40 32 28 28 26 17 11 5 3 4 4 5 4 8 54 75 73 74 75 73 73 74 73 72 73 71 73 74 76 75 74 75 73 73 74 75 75 73 73 75 74 72
76 76 86 82 78 82 84 76 82 82 77 74 71 76 73 71 74 73 72 67 71 74 71 64 61 58 53 50 44 39 35 28 24 22 21 20 18 16 25 18 11 11 8 8 9 14 8 6 3 0 0 0 0 0 0 1 1 0 1 2 0 1 0 2 2 0 0 0 0 0 0 0 0 0 0 0 0 0 0 0 2 1 2 1 2 4 6 8 7 6 9 8 11 19 27 34 39 41 37 35 37 34 34 34 35 40 40 40 43 40 31 33 33 39 44 40 44 44 43 41 31 30 26 24 25 22 12 8 7 8 13 14 7 5 3 3 3 3 4 7 26 34 49 52 49 52 54 60 65 66 71 71 65 64 66 63 67 67 68 71 65 65 67 69 65 64 65 60
93 88 98 90 88 90 85 88 98 92 79 74 76 80 76 67 59 57 57 53 51 51 46 45 50 46 46 45 45 47 47 49 51 50 52 42 45 48 43 44 44 43 42 45 39 30 30 36 46 51 56 53 47 44 42 34 35 42 39 40 38 37 40 40 42 42 43 46 51 48 44 50 58 55 46 53 54 59 74 69 57 60 60 62 71 77 79 78 85 108 100 87 86 85 81 89 100 87 83 83 70 77 82 88 97 99 102 98 106 108 95 83 103 102 97 107 119 114 92 81 101 121 118 109 96 83 103 101 97 78 85 91 71 51 64 75 85 94 108 115 114 127 128 128 137 133 122 118 126 133 138 147 133 120 121 143 144 137 144 146 145 130 146 146 144 144 143 149
144 138 126 135 141 142 150 168 174 168 155 138 140 147 131 115 119 107 101 104 108 108 108 126 143 146 158 171 180 187 191 198 201 202 204 193 190 197 195 194 199 208 205 206 183 144 147 157 172 188 181 157 146 139 104 89 95 125 142 156 161 164 168 165 162 161 157 160 160 152 148 154 151 129 116 126 104 109 154 127 92 112 110 116 137 131 128 116 119 167 129 160 179 158 121 111 121 106 100 103 101 109 115 130 122 116 139 141 134 136 112 106 158 130 115 154 149 158 143 125 134 145 135 125 121 111 138 150 166 161 134 117 89 55 75 83 80 100 103 119 149 170 169 174 201 192 165 148 171 150 150 171 171 162 180 217 198 190 192 201 212 191 173 178 166 163 177 178
182 178 187 204 213 212 218 226 225 225 215 201 198 191 161 164 202 198 193 193 189 182 173 191 195 193 193 198 199 200 200 205 209 206 202 196 182 179 171 157 158 152 144 130 109 89 85 86 86 80 68 54 58 57 30 28 30 38 59 71 75 74 76 80 68 66 63 57 54 48 53 50 37 26 26 24 18 19 26 16 14 17 13 16 20 13 17 15 17 23 13 29 30 20 9 4 3 5 3 4 6 4 2 1 0 0 7 9 3 4 3 15 23 10 23 29 4 6 7 7 1 0 0 0 1 7 5 4 13 14 6 3 2 9 10 8 4 3 0 3 1 7 15 12 20 22 12 16 24 26 28 19 18 20 43 49 33 29 33 31 35 34 16 22 12 20 15 5
81 91 107 121 128 128 124 129 128 119 107 90 81 77 68 70 98 105 92 80 73 69 55 57 53 47 43 42 42 43 41 46 50 50 47 39 34 30 21 14 12 2 0 0 0 0 0 0 0 0 0 1 2 0 0 0 0 0 0 0 0 0 0 0 0 0 0 0 0 0 0 0 1 3 2 3 6 4 2 6 10 4 4 5 4 6 7 5 6 4 8 3 0 1 4 7 7 7 7 6 5 5 5 6 8 9 7 6 7 7 8 7 4 7 8 4 6 5 6 6 7 10 11 11 9 8 7 8 7 4 8 11 12 9 12 11 10 7 10 11 10 9 6 5 6 12 14 10 11 19 11 6 7 5 2 0 1 3 0 1 1 1 5 5 7 9 6 4
8 8 11 11 14 17 15 23 25 17 18 10 1 0 3 3 6 7 4 0 0 0 0 0 0 0 0 0 0 0 0 0 0 0 0 0 0 0 1 3 3 4 6 7 7 6 7 9 9 10 11 9 8 8 6 6 6 8 9 9 10 10 10 10 11 11 10 10 10 10 10 10 10 8 8 9 7 7 9 7 6 7 7 8 8 7 8 7 6 8 6 9 9 9 8 7 7 7 6 6 6 6 7 7 7 7 8 8 7 7 6 7 8 7 6 8 7 8 8 8 7 7 7 6 6 6 7 8 9 11 8 6 6 7 6 6 4 6 6 6 7 7 9 8 9 10 7 5 7 5 6 7 8 7 8 10 9 9 9 9 8 9 8 7 6 5 7 7
6 5 4 3 4 5 6 8 7 7 8 7 6 7 6 5 6 6 6 6 7 7 7 8 8 8 8 8 8 9 9 10 8 8 9 8 8 7 8 7 8 7 7 6 6 5 5 5 4 6 6 5 5 5 5 4 5 5 6 5 6 5 5 7 6 5 6 7 6 6 6 6 6 6 6 6 5 6 6 6 6 6 6 7 7 6 7 7 6 6 6 5 6 6 6 6 6 7 6 5 5 5 5 6 6 6 6 6 6 5 5 5 4 5 5 5 5 5 5 5 4 4 5 4 4 5 4 4 4 4 5 4 4 5 5 4 5 4 5 5 5 5 6 5 5 4 4 6 4 5 5 5 5 6 5 4 4 4 5 5 5 5 5 5 5 5 4 4
4 4 4 5 6 5 5 4 5 5 4 4 5 5 5 5 5 5 5 4 4 4 4 4 4 4 4 4 4 4 5 5 4 4 4 4 4 4 4 3 4 3 4 4 4 5 5 4 4 4 5 4 4 5 5 5 5 4 4 4 4 4 4 5 5 5 4 5 5 5 5 6 6 5 5 6 7 7 6 7 6 5 5 6 5 6 6 6 5 5 5 7 6 7 8 6 6 6 5 6 7 6 7 6 7 7 6 6 7 7 6 8 8 8 8 8 7 9 10 12 11 11 10 9 10 8 9 10 9 10 10 10 10 9 9 8 7 8 9 9 10 10 10 11 10 10 11 10 9 10 10 9 9 9 9 9 8 7 8 7 7 7 7 7 8 8 7 8
3 3 3 3 3 3 3 3 4 4 4 4 4 4 4 4 4 5 5 5 5 5 6 6 6 6 6 6 6 6 7 7 8 7 7 7 8 9 9 9 10 10 10 10 9 10 10 10 11 11 13 12 10 12 11 14 14 15 18 17 18 19 19 18 19 20 20 22 20 22 22 23 24 22 24 24 26 27 26 30 29 28 27 26 26 25 24 24 23 25 26 26 28 28 27 27 28 30 29 29 27 28 24 30 29 26 28 32 31 28 27 33 32 31 32 30 28 34 35 34 35 35 35 36 35 36 34 34 33 35 35 34 33 32 32 33 33 32 32 33 33 32 31 31 31 32 31 30 29 30 30 28 27 27 30 30 28 28 28 26 28 29 29 30 29 30 33 32
