5 16 16 4
0 0 0 0 0 255 212 96 0 112 12 40 41 44 48 60
0 0 32 32 16 48 98 74 51 32 0 0 40 41 44 48
0 0 32 45 91 255 216 8 0 40 82 0 0 40 41 44
0 0 32 64 78 255 212 96 0 112 12 40 41 44 48 60
0 32 32 82 111 61 233 211 200 188 166 148 132 0 11 88
16 32 94 13 0 255 212 96 0 12 12 12 53 31 10 80
12 16 87 0 0 255 212 236 0 82 12 40 41 44 9 72
0 0 0 211 0 255 241 232 0 67 12 40 137 178 8 64
0 0 0 0 0 224 209 203 216 212 196 40 41 44 7 56
0 0 0 249 0 255 22 17 0 112 12 40 41 44 6 48
176 0 0 0 0 255 4 8 11 0 12 40 41 44 5 40
0 0 0 251 0 62 2 68 0 112 0 40 41 44 4 32
0 250 0 0 13 255 212 96 0 112 12 0 171 44 3 24
0 0 0 171 0 255 212 96 0 112 12 40 0 4 2 16
0 198 0 0 95 19 212 96 0 112 12 40 41 0 1 8
0 233 0 87 0 255 212 96 0 112 12 40 1 9 0 0
