5 22 26
11111111111111111111181111
10000000000000001000000111
10000000000000001000000011
10050000001111001000000001
10000000000000001000000001
10000000000000001000000001
10000000000000001000000001
10000000100000001000000001
10000011100000001000000001
10000010000000001000000001
10000110000000001000000001
10000100000000000000000001
10000100000000000000000001
10000000000000000000000001
10000000000000000010011111
11110000000000000010000001
10001111100000000010000001
10000000000000000010010001
10000000000000000010010001
10000000000000000010010001
10000000000000000010000001
11111111811111111111111111
